-0.628,0.000	-0.578,-0.246	-0.435,-0.453	-0.223,-0.587	0.025,-0.628	0.269,-0.568	0.470,-0.417	0.596,-0.199	0.626,0.051	0.556,0.292	0.397,0.487	0.175,0.604	-0.076,0.624	-0.314,0.544	-0.502,0.377	-0.610,0.150	0.000,0.000	
-0.420,0.000	-0.386,-0.165	-0.291,-0.303	-0.149,-0.393	0.017,-0.420	0.180,-0.379	0.314,-0.279	0.398,-0.133	0.419,0.034	0.372,0.195	0.266,0.325	0.117,0.403	-0.051,0.417	-0.210,0.364	-0.336,0.252	-0.408,0.101	0.000,0.000	
-0.281,0.000	-0.258,-0.110	-0.194,-0.202	-0.100,-0.263	0.011,-0.281	0.120,-0.254	0.210,-0.186	0.266,-0.089	0.280,0.023	0.249,0.130	0.178,0.217	0.078,0.270	-0.034,0.279	-0.140,0.243	-0.224,0.169	-0.273,0.067	0.000,0.000	
-0.188,0.000	-0.173,-0.074	-0.130,-0.135	-0.067,-0.175	0.008,-0.188	0.080,-0.170	0.140,-0.124	0.178,-0.059	0.187,0.015	0.166,0.087	0.119,0.145	0.052,0.180	-0.023,0.186	-0.094,0.163	-0.150,0.113	-0.182,0.045	0.000,0.000	
-0.125,0.000	-0.115,-0.049	-0.087,-0.090	-0.044,-0.117	0.005,-0.125	0.054,-0.113	0.094,-0.083	0.119,-0.040	0.125,0.010	0.111,0.058	0.079,0.097	0.035,0.120	-0.015,0.125	-0.063,0.109	-0.100,0.075	-0.122,0.030	0.000,0.000	
-0.084,0.000	-0.077,-0.033	-0.058,-0.060	-0.030,-0.078	0.003,-0.084	0.036,-0.076	0.063,-0.056	0.080,-0.027	0.084,0.007	0.074,0.039	0.053,0.065	0.023,0.081	-0.010,0.083	-0.042,0.073	-0.067,0.050	-0.081,0.020	0.000,0.000	
-0.056,0.000	-0.052,-0.022	-0.039,-0.040	-0.020,-0.052	0.002,-0.056	0.024,-0.051	0.042,-0.037	0.053,-0.018	0.056,0.005	0.050,0.026	0.035,0.043	0.016,0.054	-0.007,0.056	-0.028,0.049	-0.045,0.034	-0.054,0.013	0.000,0.000	
-0.038,0.000	-0.035,-0.015	-0.026,-0.027	-0.013,-0.035	0.002,-0.037	0.016,-0.034	0.028,-0.025	0.036,-0.012	0.037,0.003	0.033,0.017	0.024,0.029	0.010,0.036	-0.005,0.037	-0.019,0.032	-0.030,0.022	-0.036,0.009	0.000,0.000	
0.000,0.000	0.000,0.000	0.000,0.000	0.000,0.000	0.000,0.000	0.000,0.000	0.000,0.000	0.000,0.000	0.000,0.000	0.000,0.000	0.000,0.000	0.000,0.000	0.000,0.000	0.000,0.000	0.000,0.000	0.000,0.000	0.000,0.000	
0.000,0.000	0.000,0.000	0.000,0.000	0.000,0.000	0.000,0.000	0.000,0.000	0.000,0.000	0.000,0.000	0.000,0.000	0.000,0.000	0.000,0.000	0.000,0.000	0.000,0.000	0.000,0.000	0.000,0.000	0.000,0.000	0.000,0.000	
0.000,0.000	0.000,0.000	0.000,0.000	0.000,0.000	0.000,0.000	0.000,0.000	0.000,0.000	0.000,0.000	0.000,0.000	0.000,0.000	0.000,0.000	0.000,0.000	0.000,0.000	0.000,0.000	0.000,0.000	0.000,0.000	0.000,0.000	
0.000,0.000	0.000,0.000	0.000,0.000	0.000,0.000	0.000,0.000	0.000,0.000	0.000,0.000	0.000,0.000	0.000,0.000	0.000,0.000	0.000,0.000	0.000,0.000	0.000,0.000	0.000,0.000	0.000,0.000	0.000,0.000	0.000,0.000	
0.000,0.000	0.000,0.000	0.000,0.000	0.000,0.000	0.000,0.000	0.000,0.000	0.000,0.000	0.000,0.000	0.000,0.000	0.000,0.000	0.000,0.000	0.000,0.000	0.000,0.000	0.000,0.000	0.000,0.000	0.000,0.000	0.000,0.000	
0.000,0.000	0.000,0.000	0.000,0.000	0.000,0.000	0.000,0.000	0.000,0.000	0.000,0.000	0.000,0.000	0.000,0.000	0.000,0.000	0.000,0.000	0.000,0.000	0.000,0.000	0.000,0.000	0.000,0.000	0.000,0.000	0.000,0.000	
0.000,0.000	0.000,0.000	0.000,0.000	0.000,0.000	0.000,0.000	0.000,0.000	0.000,0.000	0.000,0.000	0.000,0.000	0.000,0.000	0.000,0.000	0.000,0.000	0.000,0.000	0.000,0.000	0.000,0.000	0.000,0.000	0.000,0.000	


-0.508,0.369	-0.612,0.141	-0.618,-0.111	-0.526,-0.344	-0.349,-0.523	-0.116,-0.618	0.136,-0.614	0.365,-0.511	0.536,-0.327	0.622,-0.091	0.608,0.160	0.496,0.385	0.305,0.549	0.066,0.625	-0.185,0.601	-0.405,0.480	0.369,0.000	
-0.340,0.247	-0.409,0.094	-0.413,-0.074	-0.351,-0.230	-0.233,-0.349	-0.077,-0.413	0.091,-0.410	0.244,-0.342	0.359,-0.219	0.416,-0.061	0.406,0.107	0.332,0.258	0.204,0.367	0.044,0.418	-0.123,0.401	-0.271,0.321	0.247,0.000	
-0.227,0.165	-0.274,0.063	-0.276,-0.049	-0.235,-0.154	-0.156,-0.234	-0.052,-0.276	0.061,-0.274	0.163,-0.228	0.240,-0.146	0.278,-0.041	0.271,0.072	0.222,0.172	0.136,0.245	0.029,0.279	-0.082,0.268	-0.181,0.215	0.165,0.000	
-0.152,0.110	-0.183,0.042	-0.185,-0.033	-0.157,-0.103	-0.104,-0.156	-0.035,-0.184	0.041,-0.183	0.109,-0.153	0.160,-0.098	0.186,-0.027	0.181,0.048	0.148,0.115	0.091,0.164	0.020,0.187	-0.055,0.179	-0.121,0.143	0.110,0.000	
-0.102,0.074	-0.122,0.028	-0.124,-0.022	-0.105,-0.069	-0.070,-0.104	-0.023,-0.123	0.027,-0.122	0.073,-0.102	0.107,-0.065	0.124,-0.018	0.121,0.032	0.099,0.077	0.061,0.110	0.013,0.125	-0.037,0.120	-0.081,0.096	0.074,0.000	
-0.068,0.049	-0.082,0.019	-0.083,-0.015	-0.070,-0.046	-0.047,-0.070	-0.015,-0.082	0.018,-0.082	0.049,-0.068	0.072,-0.044	0.083,-0.012	0.081,0.021	0.066,0.051	0.041,0.073	0.009,0.083	-0.025,0.080	-0.054,0.064	0.049,0.000	
-0.045,0.033	-0.055,0.013	-0.055,-0.010	-0.047,-0.031	-0.031,-0.047	-0.010,-0.055	0.012,-0.055	0.033,-0.046	0.048,-0.029	0.056,-0.008	0.054,0.014	0.044,0.034	0.027,0.049	0.006,0.056	-0.016,0.054	-0.036,0.043	0.033,0.000	
-0.030,0.022	-0.037,0.008	-0.037,-0.007	-0.031,-0.021	-0.021,-0.031	-0.007,-0.037	0.008,-0.037	0.022,-0.030	0.032,-0.019	0.037,-0.005	0.036,0.010	0.030,0.023	0.018,0.033	0.004,0.037	-0.011,0.036	-0.024,0.029	0.022,0.000	
0.000,0.000	0.000,0.000	0.000,0.000	0.000,0.000	0.000,0.000	0.000,0.000	0.000,0.000	0.000,0.000	0.000,0.000	0.000,0.000	0.000,0.000	0.000,0.000	0.000,0.000	0.000,0.000	0.000,0.000	0.000,0.000	0.000,0.000	
0.000,0.000	0.000,0.000	0.000,0.000	0.000,0.000	0.000,0.000	0.000,0.000	0.000,0.000	0.000,0.000	0.000,0.000	0.000,0.000	0.000,0.000	0.000,0.000	0.000,0.000	0.000,0.000	0.000,0.000	0.000,0.000	0.000,0.000	
0.000,0.000	0.000,0.000	0.000,0.000	0.000,0.000	0.000,0.000	0.000,0.000	0.000,0.000	0.000,0.000	0.000,0.000	0.000,0.000	0.000,0.000	0.000,0.000	0.000,0.000	0.000,0.000	0.000,0.000	0.000,0.000	0.000,0.000	
0.000,0.000	0.000,0.000	0.000,0.000	0.000,0.000	0.000,0.000	0.000,0.000	0.000,0.000	0.000,0.000	0.000,0.000	0.000,0.000	0.000,0.000	0.000,0.000	0.000,0.000	0.000,0.000	0.000,0.000	0.000,0.000	0.000,0.000	
0.000,0.000	0.000,0.000	0.000,0.000	0.000,0.000	0.000,0.000	0.000,0.000	0.000,0.000	0.000,0.000	0.000,0.000	0.000,0.000	0.000,0.000	0.000,0.000	0.000,0.000	0.000,0.000	0.000,0.000	0.000,0.000	0.000,0.000	
0.000,0.000	0.000,0.000	0.000,0.000	0.000,0.000	0.000,0.000	0.000,0.000	0.000,0.000	0.000,0.000	0.000,0.000	0.000,0.000	0.000,0.000	0.000,0.000	0.000,0.000	0.000,0.000	0.000,0.000	0.000,0.000	0.000,0.000	
0.000,0.000	0.000,0.000	0.000,0.000	0.000,0.000	0.000,0.000	0.000,0.000	0.000,0.000	0.000,0.000	0.000,0.000	0.000,0.000	0.000,0.000	0.000,0.000	0.000,0.000	0.000,0.000	0.000,0.000	0.000,0.000	0.000,0.000	


-0.194,0.598	-0.413,0.474	-0.565,0.274	-0.628,0.030	-0.589,-0.218	-0.457,-0.432	-0.251,-0.576	-0.005,-0.628	0.242,-0.580	0.450,-0.439	0.586,-0.228	0.628,0.020	0.570,0.265	0.420,0.467	0.204,0.594	-0.046,0.627	0.598,0.000	
-0.130,0.399	-0.276,0.317	-0.378,0.183	-0.420,0.020	-0.394,-0.146	-0.305,-0.288	-0.168,-0.385	-0.003,-0.420	0.162,-0.388	0.301,-0.293	0.392,-0.152	0.420,0.014	0.381,0.177	0.281,0.312	0.136,0.397	-0.030,0.419	0.399,0.000	
-0.087,0.267	-0.184,0.212	-0.253,0.122	-0.280,0.014	-0.263,-0.097	-0.204,-0.193	-0.112,-0.257	-0.002,-0.281	0.108,-0.259	0.201,-0.196	0.262,-0.102	0.281,0.009	0.255,0.118	0.188,0.209	0.091,0.266	-0.020,0.280	0.267,0.000	
-0.058,0.178	-0.123,0.141	-0.169,0.082	-0.187,0.009	-0.176,-0.065	-0.136,-0.129	-0.075,-0.172	-0.002,-0.188	0.072,-0.173	0.134,-0.131	0.175,-0.068	0.188,0.006	0.170,0.079	0.126,0.139	0.061,0.178	-0.014,0.187	0.178,0.000	
-0.039,0.119	-0.082,0.095	-0.113,0.055	-0.125,0.006	-0.118,-0.044	-0.091,-0.086	-0.050,-0.115	-0.001,-0.125	0.048,-0.116	0.090,-0.088	0.117,-0.045	0.125,0.004	0.114,0.053	0.084,0.093	0.041,0.119	-0.009,0.125	0.119,0.000	
-0.026,0.080	-0.055,0.063	-0.076,0.037	-0.084,0.004	-0.079,-0.029	-0.061,-0.058	-0.034,-0.077	-0.001,-0.084	0.032,-0.077	0.060,-0.059	0.078,-0.030	0.084,0.003	0.076,0.035	0.056,0.062	0.027,0.079	-0.006,0.084	0.080,0.000	
-0.017,0.053	-0.037,0.042	-0.050,0.024	-0.056,0.003	-0.053,-0.019	-0.041,-0.038	-0.022,-0.051	-0.000,-0.056	0.022,-0.052	0.040,-0.039	0.052,-0.020	0.056,0.002	0.051,0.024	0.038,0.042	0.018,0.053	-0.004,0.056	0.053,0.000	
-0.012,0.036	-0.025,0.028	-0.034,0.016	-0.037,0.002	-0.035,-0.013	-0.027,-0.026	-0.015,-0.034	-0.000,-0.037	0.014,-0.035	0.027,-0.026	0.035,-0.014	0.038,0.001	0.034,0.016	0.025,0.028	0.012,0.035	-0.003,0.037	0.036,0.000	
0.000,0.000	0.000,0.000	0.000,0.000	0.000,0.000	0.000,0.000	0.000,0.000	0.000,0.000	0.000,0.000	0.000,0.000	0.000,0.000	0.000,0.000	0.000,0.000	0.000,0.000	0.000,0.000	0.000,0.000	0.000,0.000	0.000,0.000	
0.000,0.000	0.000,0.000	0.000,0.000	0.000,0.000	0.000,0.000	0.000,0.000	0.000,0.000	0.000,0.000	0.000,0.000	0.000,0.000	0.000,0.000	0.000,0.000	0.000,0.000	0.000,0.000	0.000,0.000	0.000,0.000	0.000,0.000	
0.000,0.000	0.000,0.000	0.000,0.000	0.000,0.000	0.000,0.000	0.000,0.000	0.000,0.000	0.000,0.000	0.000,0.000	0.000,0.000	0.000,0.000	0.000,0.000	0.000,0.000	0.000,0.000	0.000,0.000	0.000,0.000	0.000,0.000	
0.000,0.000	0.000,0.000	0.000,0.000	0.000,0.000	0.000,0.000	0.000,0.000	0.000,0.000	0.000,0.000	0.000,0.000	0.000,0.000	0.000,0.000	0.000,0.000	0.000,0.000	0.000,0.000	0.000,0.000	0.000,0.000	0.000,0.000	
0.000,0.000	0.000,0.000	0.000,0.000	0.000,0.000	0.000,0.000	0.000,0.000	0.000,0.000	0.000,0.000	0.000,0.000	0.000,0.000	0.000,0.000	0.000,0.000	0.000,0.000	0.000,0.000	0.000,0.000	0.000,0.000	0.000,0.000	
0.000,0.000	0.000,0.000	0.000,0.000	0.000,0.000	0.000,0.000	0.000,0.000	0.000,0.000	0.000,0.000	0.000,0.000	0.000,0.000	0.000,0.000	0.000,0.000	0.000,0.000	0.000,0.000	0.000,0.000	0.000,0.000	0.000,0.000	
0.000,0.000	0.000,0.000	0.000,0.000	0.000,0.000	0.000,0.000	0.000,0.000	0.000,0.000	0.000,0.000	0.000,0.000	0.000,0.000	0.000,0.000	0.000,0.000	0.000,0.000	0.000,0.000	0.000,0.000	0.000,0.000	0.000,0.000	


0.194,0.598	-0.056,0.626	-0.296,0.554	-0.490,0.393	-0.605,0.170	-0.623,-0.081	-0.542,-0.319	-0.373,-0.505	-0.145,-0.611	0.106,-0.619	0.340,-0.528	0.520,-0.353	0.617,-0.121	0.615,0.131	0.514,0.361	0.332,0.534	0.598,0.000	
0.130,0.399	-0.037,0.418	-0.198,0.370	-0.327,0.263	-0.404,0.114	-0.417,-0.054	-0.362,-0.213	-0.250,-0.338	-0.097,-0.409	0.071,-0.414	0.227,-0.353	0.348,-0.236	0.412,-0.081	0.411,0.087	0.344,0.241	0.222,0.357	0.399,0.000	
0.087,0.267	-0.025,0.280	-0.132,0.248	-0.219,0.176	-0.270,0.076	-0.278,-0.036	-0.242,-0.142	-0.167,-0.226	-0.065,-0.273	0.047,-0.277	0.152,-0.236	0.232,-0.158	0.276,-0.054	0.275,0.058	0.230,0.161	0.148,0.238	0.267,0.000	
0.058,0.178	-0.017,0.187	-0.089,0.165	-0.146,0.118	-0.181,0.051	-0.186,-0.024	-0.162,-0.095	-0.112,-0.151	-0.043,-0.183	0.032,-0.185	0.102,-0.158	0.155,-0.105	0.184,-0.036	0.184,0.039	0.154,0.108	0.099,0.159	0.178,0.000	
0.039,0.119	-0.011,0.125	-0.059,0.111	-0.098,0.079	-0.121,0.034	-0.124,-0.016	-0.108,-0.064	-0.075,-0.101	-0.029,-0.122	0.021,-0.124	0.068,-0.105	0.104,-0.070	0.123,-0.024	0.123,0.026	0.103,0.072	0.066,0.107	0.119,0.000	
0.026,0.080	-0.007,0.084	-0.040,0.074	-0.065,0.052	-0.081,0.023	-0.083,-0.011	-0.072,-0.043	-0.050,-0.067	-0.019,-0.082	0.014,-0.083	0.045,-0.070	0.069,-0.047	0.082,-0.016	0.082,0.017	0.069,0.048	0.044,0.071	0.080,0.000	
0.017,0.053	-0.005,0.056	-0.026,0.049	-0.044,0.035	-0.054,0.015	-0.056,-0.007	-0.048,-0.028	-0.033,-0.045	-0.013,-0.054	0.009,-0.055	0.030,-0.047	0.046,-0.031	0.055,-0.011	0.055,0.012	0.046,0.032	0.030,0.048	0.053,0.000	
0.012,0.036	-0.003,0.037	-0.018,0.033	-0.029,0.023	-0.036,0.010	-0.037,-0.005	-0.032,-0.019	-0.022,-0.030	-0.009,-0.036	0.006,-0.037	0.020,-0.031	0.031,-0.021	0.037,-0.007	0.037,0.008	0.031,0.022	0.020,0.032	0.036,0.000	
0.000,0.000	0.000,0.000	0.000,0.000	0.000,0.000	0.000,0.000	0.000,0.000	0.000,0.000	0.000,0.000	0.000,0.000	0.000,0.000	0.000,0.000	0.000,0.000	0.000,0.000	0.000,0.000	0.000,0.000	0.000,0.000	0.000,0.000	
0.000,0.000	0.000,0.000	0.000,0.000	0.000,0.000	0.000,0.000	0.000,0.000	0.000,0.000	0.000,0.000	0.000,0.000	0.000,0.000	0.000,0.000	0.000,0.000	0.000,0.000	0.000,0.000	0.000,0.000	0.000,0.000	0.000,0.000	
0.000,0.000	0.000,0.000	0.000,0.000	0.000,0.000	0.000,0.000	0.000,0.000	0.000,0.000	0.000,0.000	0.000,0.000	0.000,0.000	0.000,0.000	0.000,0.000	0.000,0.000	0.000,0.000	0.000,0.000	0.000,0.000	0.000,0.000	
0.000,0.000	0.000,0.000	0.000,0.000	0.000,0.000	0.000,0.000	0.000,0.000	0.000,0.000	0.000,0.000	0.000,0.000	0.000,0.000	0.000,0.000	0.000,0.000	0.000,0.000	0.000,0.000	0.000,0.000	0.000,0.000	0.000,0.000	
0.000,0.000	0.000,0.000	0.000,0.000	0.000,0.000	0.000,0.000	0.000,0.000	0.000,0.000	0.000,0.000	0.000,0.000	0.000,0.000	0.000,0.000	0.000,0.000	0.000,0.000	0.000,0.000	0.000,0.000	0.000,0.000	0.000,0.000	
0.000,0.000	0.000,0.000	0.000,0.000	0.000,0.000	0.000,0.000	0.000,0.000	0.000,0.000	0.000,0.000	0.000,0.000	0.000,0.000	0.000,0.000	0.000,0.000	0.000,0.000	0.000,0.000	0.000,0.000	0.000,0.000	0.000,0.000	
0.000,0.000	0.000,0.000	0.000,0.000	0.000,0.000	0.000,0.000	0.000,0.000	0.000,0.000	0.000,0.000	0.000,0.000	0.000,0.000	0.000,0.000	0.000,0.000	0.000,0.000	0.000,0.000	0.000,0.000	0.000,0.000	0.000,0.000	


0.508,0.369	0.323,0.539	0.086,0.622	-0.165,0.606	-0.389,0.493	-0.552,0.301	-0.625,0.061	-0.599,-0.189	-0.477,-0.409	-0.278,-0.563	-0.035,-0.627	0.213,-0.591	0.428,-0.460	0.574,-0.256	0.628,-0.010	0.582,0.237	0.369,0.000	
0.340,0.247	0.216,0.360	0.057,0.416	-0.110,0.405	-0.260,0.330	-0.369,0.201	-0.418,0.041	-0.400,-0.127	-0.319,-0.273	-0.186,-0.377	-0.024,-0.419	0.143,-0.395	0.286,-0.308	0.384,-0.171	0.420,-0.007	0.389,0.158	0.247,0.000	
0.227,0.165	0.144,0.241	0.038,0.278	-0.074,0.271	-0.174,0.220	-0.246,0.134	-0.279,0.027	-0.268,-0.085	-0.213,-0.183	-0.124,-0.252	-0.016,-0.280	0.095,-0.264	0.191,-0.206	0.256,-0.114	0.281,-0.005	0.260,0.106	0.165,0.000	
0.152,0.110	0.096,0.161	0.026,0.186	-0.049,0.181	-0.116,0.147	-0.165,0.090	-0.187,0.018	-0.179,-0.057	-0.142,-0.122	-0.083,-0.168	-0.011,-0.187	0.064,-0.177	0.128,-0.137	0.171,-0.076	0.188,-0.003	0.174,0.071	0.110,0.000	
0.102,0.074	0.064,0.108	0.017,0.124	-0.033,0.121	-0.078,0.098	-0.110,0.060	-0.125,0.012	-0.120,-0.038	-0.095,-0.082	-0.056,-0.112	-0.007,-0.125	0.043,-0.118	0.085,-0.092	0.115,-0.051	0.125,-0.002	0.116,0.047	0.074,0.000	
0.068,0.049	0.043,0.072	0.011,0.083	-0.022,0.081	-0.052,0.066	-0.074,0.040	-0.084,0.008	-0.080,-0.025	-0.064,-0.055	-0.037,-0.075	-0.005,-0.084	0.028,-0.079	0.057,-0.061	0.077,-0.034	0.084,-0.001	0.078,0.032	0.049,0.000	
0.045,0.033	0.029,0.048	0.008,0.055	-0.015,0.054	-0.035,0.044	-0.049,0.027	-0.056,0.005	-0.053,-0.017	-0.043,-0.036	-0.025,-0.050	-0.003,-0.056	0.019,-0.053	0.038,-0.041	0.051,-0.023	0.056,-0.001	0.052,0.021	0.033,0.000	
0.030,0.022	0.019,0.032	0.005,0.037	-0.010,0.036	-0.023,0.029	-0.033,0.018	-0.037,0.004	-0.036,-0.011	-0.028,-0.024	-0.017,-0.034	-0.002,-0.037	0.013,-0.035	0.026,-0.027	0.034,-0.015	0.038,-0.001	0.035,0.014	0.022,0.000	
0.000,0.000	0.000,0.000	0.000,0.000	0.000,0.000	0.000,0.000	0.000,0.000	0.000,0.000	0.000,0.000	0.000,0.000	0.000,0.000	0.000,0.000	0.000,0.000	0.000,0.000	0.000,0.000	0.000,0.000	0.000,0.000	0.000,0.000	
0.000,0.000	0.000,0.000	0.000,0.000	0.000,0.000	0.000,0.000	0.000,0.000	0.000,0.000	0.000,0.000	0.000,0.000	0.000,0.000	0.000,0.000	0.000,0.000	0.000,0.000	0.000,0.000	0.000,0.000	0.000,0.000	0.000,0.000	
0.000,0.000	0.000,0.000	0.000,0.000	0.000,0.000	0.000,0.000	0.000,0.000	0.000,0.000	0.000,0.000	0.000,0.000	0.000,0.000	0.000,0.000	0.000,0.000	0.000,0.000	0.000,0.000	0.000,0.000	0.000,0.000	0.000,0.000	
0.000,0.000	0.000,0.000	0.000,0.000	0.000,0.000	0.000,0.000	0.000,0.000	0.000,0.000	0.000,0.000	0.000,0.000	0.000,0.000	0.000,0.000	0.000,0.000	0.000,0.000	0.000,0.000	0.000,0.000	0.000,0.000	0.000,0.000	
0.000,0.000	0.000,0.000	0.000,0.000	0.000,0.000	0.000,0.000	0.000,0.000	0.000,0.000	0.000,0.000	0.000,0.000	0.000,0.000	0.000,0.000	0.000,0.000	0.000,0.000	0.000,0.000	0.000,0.000	0.000,0.000	0.000,0.000	
0.000,0.000	0.000,0.000	0.000,0.000	0.000,0.000	0.000,0.000	0.000,0.000	0.000,0.000	0.000,0.000	0.000,0.000	0.000,0.000	0.000,0.000	0.000,0.000	0.000,0.000	0.000,0.000	0.000,0.000	0.000,0.000	0.000,0.000	
0.000,0.000	0.000,0.000	0.000,0.000	0.000,0.000	0.000,0.000	0.000,0.000	0.000,0.000	0.000,0.000	0.000,0.000	0.000,0.000	0.000,0.000	0.000,0.000	0.000,0.000	0.000,0.000	0.000,0.000	0.000,0.000	0.000,0.000	


0.628,0.000	0.578,0.246	0.435,0.453	0.223,0.587	-0.025,0.628	-0.269,0.568	-0.470,0.417	-0.596,0.199	-0.626,-0.051	-0.556,-0.292	-0.397,-0.487	-0.175,-0.604	0.076,-0.624	0.314,-0.544	0.502,-0.377	0.610,-0.150	0.000,0.000	
0.420,0.000	0.386,0.165	0.291,0.303	0.149,0.393	-0.017,0.420	-0.180,0.379	-0.314,0.279	-0.398,0.133	-0.419,-0.034	-0.372,-0.195	-0.266,-0.325	-0.117,-0.403	0.051,-0.417	0.210,-0.364	0.336,-0.252	0.408,-0.101	0.000,0.000	
0.281,0.000	0.258,0.110	0.194,0.202	0.100,0.263	-0.011,0.281	-0.120,0.254	-0.210,0.186	-0.266,0.089	-0.280,-0.023	-0.249,-0.130	-0.178,-0.217	-0.078,-0.270	0.034,-0.279	0.140,-0.243	0.224,-0.169	0.273,-0.067	0.000,0.000	
0.188,0.000	0.173,0.074	0.130,0.135	0.067,0.175	-0.008,0.188	-0.080,0.170	-0.140,0.124	-0.178,0.059	-0.187,-0.015	-0.166,-0.087	-0.119,-0.145	-0.052,-0.180	0.023,-0.186	0.094,-0.163	0.150,-0.113	0.182,-0.045	0.000,0.000	
0.125,0.000	0.115,0.049	0.087,0.090	0.044,0.117	-0.005,0.125	-0.054,0.113	-0.094,0.083	-0.119,0.040	-0.125,-0.010	-0.111,-0.058	-0.079,-0.097	-0.035,-0.120	0.015,-0.125	0.063,-0.109	0.100,-0.075	0.122,-0.030	0.000,0.000	
0.084,0.000	0.077,0.033	0.058,0.060	0.030,0.078	-0.003,0.084	-0.036,0.076	-0.063,0.056	-0.080,0.027	-0.084,-0.007	-0.074,-0.039	-0.053,-0.065	-0.023,-0.081	0.010,-0.083	0.042,-0.073	0.067,-0.050	0.081,-0.020	0.000,0.000	
0.056,0.000	0.052,0.022	0.039,0.040	0.020,0.052	-0.002,0.056	-0.024,0.051	-0.042,0.037	-0.053,0.018	-0.056,-0.005	-0.050,-0.026	-0.035,-0.043	-0.016,-0.054	0.007,-0.056	0.028,-0.049	0.045,-0.034	0.054,-0.013	0.000,0.000	
0.038,0.000	0.035,0.015	0.026,0.027	0.013,0.035	-0.002,0.037	-0.016,0.034	-0.028,0.025	-0.036,0.012	-0.037,-0.003	-0.033,-0.017	-0.024,-0.029	-0.010,-0.036	0.005,-0.037	0.019,-0.032	0.030,-0.022	0.036,-0.009	0.000,0.000	
0.000,0.000	0.000,0.000	0.000,0.000	0.000,0.000	0.000,0.000	0.000,0.000	0.000,0.000	0.000,0.000	0.000,0.000	0.000,0.000	0.000,0.000	0.000,0.000	0.000,0.000	0.000,0.000	0.000,0.000	0.000,0.000	0.000,0.000	
0.000,0.000	0.000,0.000	0.000,0.000	0.000,0.000	0.000,0.000	0.000,0.000	0.000,0.000	0.000,0.000	0.000,0.000	0.000,0.000	0.000,0.000	0.000,0.000	0.000,0.000	0.000,0.000	0.000,0.000	0.000,0.000	0.000,0.000	
0.000,0.000	0.000,0.000	0.000,0.000	0.000,0.000	0.000,0.000	0.000,0.000	0.000,0.000	0.000,0.000	0.000,0.000	0.000,0.000	0.000,0.000	0.000,0.000	0.000,0.000	0.000,0.000	0.000,0.000	0.000,0.000	0.000,0.000	
0.000,0.000	0.000,0.000	0.000,0.000	0.000,0.000	0.000,0.000	0.000,0.000	0.000,0.000	0.000,0.000	0.000,0.000	0.000,0.000	0.000,0.000	0.000,0.000	0.000,0.000	0.000,0.000	0.000,0.000	0.000,0.000	0.000,0.000	
0.000,0.000	0.000,0.000	0.000,0.000	0.000,0.000	0.000,0.000	0.000,0.000	0.000,0.000	0.000,0.000	0.000,0.000	0.000,0.000	0.000,0.000	0.000,0.000	0.000,0.000	0.000,0.000	0.000,0.000	0.000,0.000	0.000,0.000	
0.000,0.000	0.000,0.000	0.000,0.000	0.000,0.000	0.000,0.000	0.000,0.000	0.000,0.000	0.000,0.000	0.000,0.000	0.000,0.000	0.000,0.000	0.000,0.000	0.000,0.000	0.000,0.000	0.000,0.000	0.000,0.000	0.000,0.000	
0.000,0.000	0.000,0.000	0.000,0.000	0.000,0.000	0.000,0.000	0.000,0.000	0.000,0.000	0.000,0.000	0.000,0.000	0.000,0.000	0.000,0.000	0.000,0.000	0.000,0.000	0.000,0.000	0.000,0.000	0.000,0.000	0.000,0.000	


0.508,-0.369	0.612,-0.141	0.618,0.111	0.526,0.344	0.349,0.523	0.116,0.618	-0.136,0.614	-0.365,0.511	-0.536,0.327	-0.622,0.091	-0.608,-0.160	-0.496,-0.385	-0.305,-0.549	-0.066,-0.625	0.185,-0.601	0.405,-0.480	-0.369,0.000	
0.340,-0.247	0.409,-0.094	0.413,0.074	0.351,0.230	0.233,0.349	0.077,0.413	-0.091,0.410	-0.244,0.342	-0.359,0.219	-0.416,0.061	-0.406,-0.107	-0.332,-0.258	-0.204,-0.367	-0.044,-0.418	0.123,-0.401	0.271,-0.321	-0.247,0.000	
0.227,-0.165	0.274,-0.063	0.276,0.049	0.235,0.154	0.156,0.234	0.052,0.276	-0.061,0.274	-0.163,0.228	-0.240,0.146	-0.278,0.041	-0.271,-0.072	-0.222,-0.172	-0.136,-0.245	-0.029,-0.279	0.082,-0.268	0.181,-0.215	-0.165,0.000	
0.152,-0.110	0.183,-0.042	0.185,0.033	0.157,0.103	0.104,0.156	0.035,0.184	-0.041,0.183	-0.109,0.153	-0.160,0.098	-0.186,0.027	-0.181,-0.048	-0.148,-0.115	-0.091,-0.164	-0.020,-0.187	0.055,-0.179	0.121,-0.143	-0.110,0.000	
0.102,-0.074	0.122,-0.028	0.124,0.022	0.105,0.069	0.070,0.104	0.023,0.123	-0.027,0.122	-0.073,0.102	-0.107,0.065	-0.124,0.018	-0.121,-0.032	-0.099,-0.077	-0.061,-0.110	-0.013,-0.125	0.037,-0.120	0.081,-0.096	-0.074,0.000	
0.068,-0.049	0.082,-0.019	0.083,0.015	0.070,0.046	0.047,0.070	0.015,0.082	-0.018,0.082	-0.049,0.068	-0.072,0.044	-0.083,0.012	-0.081,-0.021	-0.066,-0.051	-0.041,-0.073	-0.009,-0.083	0.025,-0.080	0.054,-0.064	-0.049,0.000	
0.045,-0.033	0.055,-0.013	0.055,0.010	0.047,0.031	0.031,0.047	0.010,0.055	-0.012,0.055	-0.033,0.046	-0.048,0.029	-0.056,0.008	-0.054,-0.014	-0.044,-0.034	-0.027,-0.049	-0.006,-0.056	0.016,-0.054	0.036,-0.043	-0.033,0.000	
0.030,-0.022	0.037,-0.008	0.037,0.007	0.031,0.021	0.021,0.031	0.007,0.037	-0.008,0.037	-0.022,0.030	-0.032,0.019	-0.037,0.005	-0.036,-0.010	-0.030,-0.023	-0.018,-0.033	-0.004,-0.037	0.011,-0.036	0.024,-0.029	-0.022,0.000	
0.000,0.000	0.000,0.000	0.000,0.000	0.000,0.000	0.000,0.000	0.000,0.000	0.000,0.000	0.000,0.000	0.000,0.000	0.000,0.000	0.000,0.000	0.000,0.000	0.000,0.000	0.000,0.000	0.000,0.000	0.000,0.000	0.000,0.000	
0.000,0.000	0.000,0.000	0.000,0.000	0.000,0.000	0.000,0.000	0.000,0.000	0.000,0.000	0.000,0.000	0.000,0.000	0.000,0.000	0.000,0.000	0.000,0.000	0.000,0.000	0.000,0.000	0.000,0.000	0.000,0.000	0.000,0.000	
0.000,0.000	0.000,0.000	0.000,0.000	0.000,0.000	0.000,0.000	0.000,0.000	0.000,0.000	0.000,0.000	0.000,0.000	0.000,0.000	0.000,0.000	0.000,0.000	0.000,0.000	0.000,0.000	0.000,0.000	0.000,0.000	0.000,0.000	
0.000,0.000	0.000,0.000	0.000,0.000	0.000,0.000	0.000,0.000	0.000,0.000	0.000,0.000	0.000,0.000	0.000,0.000	0.000,0.000	0.000,0.000	0.000,0.000	0.000,0.000	0.000,0.000	0.000,0.000	0.000,0.000	0.000,0.000	
0.000,0.000	0.000,0.000	0.000,0.000	0.000,0.000	0.000,0.000	0.000,0.000	0.000,0.000	0.000,0.000	0.000,0.000	0.000,0.000	0.000,0.000	0.000,0.000	0.000,0.000	0.000,0.000	0.000,0.000	0.000,0.000	0.000,0.000	
0.000,0.000	0.000,0.000	0.000,0.000	0.000,0.000	0.000,0.000	0.000,0.000	0.000,0.000	0.000,0.000	0.000,0.000	0.000,0.000	0.000,0.000	0.000,0.000	0.000,0.000	0.000,0.000	0.000,0.000	0.000,0.000	0.000,0.000	
0.000,0.000	0.000,0.000	0.000,0.000	0.000,0.000	0.000,0.000	0.000,0.000	0.000,0.000	0.000,0.000	0.000,0.000	0.000,0.000	0.000,0.000	0.000,0.000	0.000,0.000	0.000,0.000	0.000,0.000	0.000,0.000	0.000,0.000	


0.194,-0.598	0.413,-0.474	0.565,-0.274	0.628,-0.030	0.589,0.218	0.457,0.432	0.251,0.576	0.005,0.628	-0.242,0.580	-0.450,0.439	-0.586,0.228	-0.628,-0.020	-0.570,-0.265	-0.420,-0.467	-0.204,-0.594	0.046,-0.627	-0.598,0.000	
0.130,-0.399	0.276,-0.317	0.378,-0.183	0.420,-0.020	0.394,0.146	0.305,0.289	0.168,0.385	0.003,0.420	-0.162,0.388	-0.301,0.293	-0.392,0.152	-0.420,-0.014	-0.381,-0.177	-0.281,-0.312	-0.136,-0.397	0.030,-0.419	-0.399,0.000	
0.087,-0.267	0.184,-0.212	0.253,-0.122	0.280,-0.014	0.263,0.097	0.204,0.193	0.112,0.257	0.002,0.281	-0.108,0.259	-0.201,0.196	-0.262,0.102	-0.281,-0.009	-0.255,-0.118	-0.188,-0.209	-0.091,-0.266	0.020,-0.280	-0.267,0.000	
0.058,-0.178	0.123,-0.141	0.169,-0.082	0.187,-0.009	0.176,0.065	0.136,0.129	0.075,0.172	0.002,0.188	-0.072,0.173	-0.134,0.131	-0.175,0.068	-0.188,-0.006	-0.170,-0.079	-0.126,-0.139	-0.061,-0.178	0.014,-0.187	-0.178,0.000	
0.039,-0.119	0.082,-0.095	0.113,-0.055	0.125,-0.006	0.118,0.044	0.091,0.086	0.050,0.115	0.001,0.125	-0.048,0.116	-0.090,0.088	-0.117,0.045	-0.125,-0.004	-0.114,-0.053	-0.084,-0.093	-0.041,-0.119	0.009,-0.125	-0.119,0.000	
0.026,-0.080	0.055,-0.063	0.076,-0.037	0.084,-0.004	0.079,0.029	0.061,0.058	0.034,0.077	0.001,0.084	-0.032,0.077	-0.060,0.059	-0.078,0.030	-0.084,-0.003	-0.076,-0.035	-0.056,-0.062	-0.027,-0.079	0.006,-0.084	-0.080,0.000	
0.017,-0.053	0.037,-0.042	0.050,-0.024	0.056,-0.003	0.053,0.019	0.041,0.038	0.022,0.051	0.000,0.056	-0.022,0.052	-0.040,0.039	-0.052,0.020	-0.056,-0.002	-0.051,-0.024	-0.038,-0.042	-0.018,-0.053	0.004,-0.056	-0.053,0.000	
0.012,-0.036	0.025,-0.028	0.034,-0.016	0.037,-0.002	0.035,0.013	0.027,0.026	0.015,0.034	0.000,0.037	-0.014,0.035	-0.027,0.026	-0.035,0.014	-0.038,-0.001	-0.034,-0.016	-0.025,-0.028	-0.012,-0.035	0.003,-0.037	-0.036,0.000	
0.000,0.000	0.000,0.000	0.000,0.000	0.000,0.000	0.000,0.000	0.000,0.000	0.000,0.000	0.000,0.000	0.000,0.000	0.000,0.000	0.000,0.000	0.000,0.000	0.000,0.000	0.000,0.000	0.000,0.000	0.000,0.000	0.000,0.000	
0.000,0.000	0.000,0.000	0.000,0.000	0.000,0.000	0.000,0.000	0.000,0.000	0.000,0.000	0.000,0.000	0.000,0.000	0.000,0.000	0.000,0.000	0.000,0.000	0.000,0.000	0.000,0.000	0.000,0.000	0.000,0.000	0.000,0.000	
0.000,0.000	0.000,0.000	0.000,0.000	0.000,0.000	0.000,0.000	0.000,0.000	0.000,0.000	0.000,0.000	0.000,0.000	0.000,0.000	0.000,0.000	0.000,0.000	0.000,0.000	0.000,0.000	0.000,0.000	0.000,0.000	0.000,0.000	
0.000,0.000	0.000,0.000	0.000,0.000	0.000,0.000	0.000,0.000	0.000,0.000	0.000,0.000	0.000,0.000	0.000,0.000	0.000,0.000	0.000,0.000	0.000,0.000	0.000,0.000	0.000,0.000	0.000,0.000	0.000,0.000	0.000,0.000	
0.000,0.000	0.000,0.000	0.000,0.000	0.000,0.000	0.000,0.000	0.000,0.000	0.000,0.000	0.000,0.000	0.000,0.000	0.000,0.000	0.000,0.000	0.000,0.000	0.000,0.000	0.000,0.000	0.000,0.000	0.000,0.000	0.000,0.000	
0.000,0.000	0.000,0.000	0.000,0.000	0.000,0.000	0.000,0.000	0.000,0.000	0.000,0.000	0.000,0.000	0.000,0.000	0.000,0.000	0.000,0.000	0.000,0.000	0.000,0.000	0.000,0.000	0.000,0.000	0.000,0.000	0.000,0.000	
0.000,0.000	0.000,0.000	0.000,0.000	0.000,0.000	0.000,0.000	0.000,0.000	0.000,0.000	0.000,0.000	0.000,0.000	0.000,0.000	0.000,0.000	0.000,0.000	0.000,0.000	0.000,0.000	0.000,0.000	0.000,0.000	0.000,0.000	


-0.194,-0.598	0.056,-0.626	0.296,-0.554	0.490,-0.393	0.605,-0.170	0.623,0.081	0.542,0.319	0.373,0.505	0.145,0.611	-0.106,0.619	-0.340,0.528	-0.520,0.353	-0.617,0.121	-0.615,-0.131	-0.514,-0.361	-0.332,-0.534	-0.598,0.000	
-0.130,-0.399	0.037,-0.418	0.198,-0.370	0.327,-0.263	0.404,-0.114	0.417,0.054	0.362,0.213	0.250,0.338	0.097,0.409	-0.071,0.414	-0.227,0.353	-0.348,0.236	-0.412,0.081	-0.411,-0.087	-0.344,-0.241	-0.222,-0.357	-0.399,0.000	
-0.087,-0.267	0.025,-0.280	0.132,-0.248	0.219,-0.176	0.270,-0.076	0.278,0.036	0.242,0.142	0.167,0.226	0.065,0.273	-0.047,0.277	-0.152,0.236	-0.232,0.158	-0.276,0.054	-0.275,-0.058	-0.230,-0.161	-0.148,-0.238	-0.267,0.000	
-0.058,-0.178	0.017,-0.187	0.089,-0.165	0.146,-0.118	0.181,-0.051	0.186,0.024	0.162,0.095	0.112,0.151	0.043,0.183	-0.032,0.185	-0.102,0.158	-0.155,0.105	-0.184,0.036	-0.184,-0.039	-0.154,-0.108	-0.099,-0.159	-0.178,0.000	
-0.039,-0.119	0.011,-0.125	0.059,-0.111	0.098,-0.079	0.121,-0.034	0.124,0.016	0.108,0.064	0.075,0.101	0.029,0.122	-0.021,0.124	-0.068,0.105	-0.104,0.070	-0.123,0.024	-0.123,-0.026	-0.103,-0.072	-0.066,-0.107	-0.119,0.000	
-0.026,-0.080	0.007,-0.084	0.040,-0.074	0.065,-0.052	0.081,-0.023	0.083,0.011	0.072,0.043	0.050,0.067	0.019,0.082	-0.014,0.083	-0.045,0.070	-0.069,0.047	-0.082,0.016	-0.082,-0.017	-0.069,-0.048	-0.044,-0.071	-0.080,0.000	
-0.017,-0.053	0.005,-0.056	0.026,-0.049	0.044,-0.035	0.054,-0.015	0.056,0.007	0.048,0.028	0.033,0.045	0.013,0.054	-0.009,0.055	-0.030,0.047	-0.046,0.031	-0.055,0.011	-0.055,-0.012	-0.046,-0.032	-0.030,-0.048	-0.053,0.000	
-0.012,-0.036	0.003,-0.037	0.018,-0.033	0.029,-0.023	0.036,-0.010	0.037,0.005	0.032,0.019	0.022,0.030	0.009,0.036	-0.006,0.037	-0.020,0.031	-0.031,0.021	-0.037,0.007	-0.037,-0.008	-0.031,-0.022	-0.020,-0.032	-0.036,0.000	
0.000,0.000	0.000,0.000	0.000,0.000	0.000,0.000	0.000,0.000	0.000,0.000	0.000,0.000	0.000,0.000	0.000,0.000	0.000,0.000	0.000,0.000	0.000,0.000	0.000,0.000	0.000,0.000	0.000,0.000	0.000,0.000	0.000,0.000	
0.000,0.000	0.000,0.000	0.000,0.000	0.000,0.000	0.000,0.000	0.000,0.000	0.000,0.000	0.000,0.000	0.000,0.000	0.000,0.000	0.000,0.000	0.000,0.000	0.000,0.000	0.000,0.000	0.000,0.000	0.000,0.000	0.000,0.000	
0.000,0.000	0.000,0.000	0.000,0.000	0.000,0.000	0.000,0.000	0.000,0.000	0.000,0.000	0.000,0.000	0.000,0.000	0.000,0.000	0.000,0.000	0.000,0.000	0.000,0.000	0.000,0.000	0.000,0.000	0.000,0.000	0.000,0.000	
0.000,0.000	0.000,0.000	0.000,0.000	0.000,0.000	0.000,0.000	0.000,0.000	0.000,0.000	0.000,0.000	0.000,0.000	0.000,0.000	0.000,0.000	0.000,0.000	0.000,0.000	0.000,0.000	0.000,0.000	0.000,0.000	0.000,0.000	
0.000,0.000	0.000,0.000	0.000,0.000	0.000,0.000	0.000,0.000	0.000,0.000	0.000,0.000	0.000,0.000	0.000,0.000	0.000,0.000	0.000,0.000	0.000,0.000	0.000,0.000	0.000,0.000	0.000,0.000	0.000,0.000	0.000,0.000	
0.000,0.000	0.000,0.000	0.000,0.000	0.000,0.000	0.000,0.000	0.000,0.000	0.000,0.000	0.000,0.000	0.000,0.000	0.000,0.000	0.000,0.000	0.000,0.000	0.000,0.000	0.000,0.000	0.000,0.000	0.000,0.000	0.000,0.000	
0.000,0.000	0.000,0.000	0.000,0.000	0.000,0.000	0.000,0.000	0.000,0.000	0.000,0.000	0.000,0.000	0.000,0.000	0.000,0.000	0.000,0.000	0.000,0.000	0.000,0.000	0.000,0.000	0.000,0.000	0.000,0.000	0.000,0.000	


-0.508,-0.369	-0.323,-0.539	-0.086,-0.622	0.165,-0.606	0.389,-0.493	0.552,-0.301	0.625,-0.061	0.599,0.189	0.477,0.409	0.278,0.563	0.035,0.627	-0.213,0.591	-0.428,0.460	-0.574,0.256	-0.628,0.010	-0.582,-0.237	-0.369,0.000	
-0.340,-0.247	-0.216,-0.360	-0.057,-0.416	0.110,-0.405	0.260,-0.330	0.369,-0.201	0.418,-0.041	0.400,0.127	0.319,0.273	0.186,0.377	0.024,0.419	-0.143,0.395	-0.286,0.308	-0.384,0.171	-0.420,0.007	-0.389,-0.158	-0.247,0.000	
-0.227,-0.165	-0.144,-0.241	-0.038,-0.278	0.074,-0.271	0.174,-0.220	0.246,-0.134	0.279,-0.027	0.268,0.085	0.213,0.183	0.124,0.252	0.016,0.280	-0.095,0.264	-0.191,0.206	-0.256,0.114	-0.281,0.005	-0.260,-0.106	-0.165,0.000	
-0.152,-0.110	-0.096,-0.161	-0.026,-0.186	0.049,-0.181	0.116,-0.147	0.165,-0.090	0.187,-0.018	0.179,0.057	0.142,0.122	0.083,0.168	0.011,0.187	-0.064,0.177	-0.128,0.137	-0.171,0.076	-0.188,0.003	-0.174,-0.071	-0.110,0.000	
-0.102,-0.074	-0.064,-0.108	-0.017,-0.124	0.033,-0.121	0.078,-0.098	0.110,-0.060	0.125,-0.012	0.120,0.038	0.095,0.082	0.056,0.112	0.007,0.125	-0.043,0.118	-0.085,0.092	-0.115,0.051	-0.125,0.002	-0.116,-0.047	-0.074,0.000	
-0.068,-0.049	-0.043,-0.072	-0.011,-0.083	0.022,-0.081	0.052,-0.066	0.074,-0.040	0.084,-0.008	0.080,0.025	0.064,0.055	0.037,0.075	0.005,0.084	-0.028,0.079	-0.057,0.061	-0.077,0.034	-0.084,0.001	-0.078,-0.032	-0.049,0.000	
-0.045,-0.033	-0.029,-0.048	-0.008,-0.055	0.015,-0.054	0.035,-0.044	0.049,-0.027	0.056,-0.005	0.053,0.017	0.043,0.036	0.025,0.050	0.003,0.056	-0.019,0.053	-0.038,0.041	-0.051,0.023	-0.056,0.001	-0.052,-0.021	-0.033,0.000	
-0.030,-0.022	-0.019,-0.032	-0.005,-0.037	0.010,-0.036	0.023,-0.029	0.033,-0.018	0.037,-0.004	0.036,0.011	0.028,0.024	0.017,0.034	0.002,0.037	-0.013,0.035	-0.026,0.027	-0.034,0.015	-0.038,0.001	-0.035,-0.014	-0.022,0.000	
0.000,0.000	0.000,0.000	0.000,0.000	0.000,0.000	0.000,0.000	0.000,0.000	0.000,0.000	0.000,0.000	0.000,0.000	0.000,0.000	0.000,0.000	0.000,0.000	0.000,0.000	0.000,0.000	0.000,0.000	0.000,0.000	0.000,0.000	
0.000,0.000	0.000,0.000	0.000,0.000	0.000,0.000	0.000,0.000	0.000,0.000	0.000,0.000	0.000,0.000	0.000,0.000	0.000,0.000	0.000,0.000	0.000,0.000	0.000,0.000	0.000,0.000	0.000,0.000	0.000,0.000	0.000,0.000	
0.000,0.000	0.000,0.000	0.000,0.000	0.000,0.000	0.000,0.000	0.000,0.000	0.000,0.000	0.000,0.000	0.000,0.000	0.000,0.000	0.000,0.000	0.000,0.000	0.000,0.000	0.000,0.000	0.000,0.000	0.000,0.000	0.000,0.000	
0.000,0.000	0.000,0.000	0.000,0.000	0.000,0.000	0.000,0.000	0.000,0.000	0.000,0.000	0.000,0.000	0.000,0.000	0.000,0.000	0.000,0.000	0.000,0.000	0.000,0.000	0.000,0.000	0.000,0.000	0.000,0.000	0.000,0.000	
0.000,0.000	0.000,0.000	0.000,0.000	0.000,0.000	0.000,0.000	0.000,0.000	0.000,0.000	0.000,0.000	0.000,0.000	0.000,0.000	0.000,0.000	0.000,0.000	0.000,0.000	0.000,0.000	0.000,0.000	0.000,0.000	0.000,0.000	
0.000,0.000	0.000,0.000	0.000,0.000	0.000,0.000	0.000,0.000	0.000,0.000	0.000,0.000	0.000,0.000	0.000,0.000	0.000,0.000	0.000,0.000	0.000,0.000	0.000,0.000	0.000,0.000	0.000,0.000	0.000,0.000	0.000,0.000	
0.000,0.000	0.000,0.000	0.000,0.000	0.000,0.000	0.000,0.000	0.000,0.000	0.000,0.000	0.000,0.000	0.000,0.000	0.000,0.000	0.000,0.000	0.000,0.000	0.000,0.000	0.000,0.000	0.000,0.000	0.000,0.000	0.000,0.000	


