0.000,0.571	-0.187,0.540	-0.353,0.449	-0.480,0.309	-0.555,0.135	-0.569,-0.053	-0.520,-0.236	-0.414,-0.393	-0.263,-0.507	-0.083,-0.565	0.106,-0.561	0.284,-0.496	0.430,-0.376	0.529,-0.215	0.570,-0.030	0.549,0.158	0.467,0.329	0.334,0.463	0.164,0.547	0.000,0.000	
0.000,0.409	-0.134,0.387	-0.253,0.322	-0.344,0.222	-0.398,0.097	-0.408,-0.038	-0.373,-0.169	-0.297,-0.282	-0.189,-0.363	-0.059,-0.405	0.076,-0.402	0.203,-0.355	0.308,-0.269	0.379,-0.154	0.409,-0.021	0.393,0.113	0.335,0.236	0.239,0.332	0.118,0.392	0.000,0.000	
0.000,0.294	-0.096,0.277	-0.181,0.231	-0.247,0.159	-0.285,0.070	-0.292,-0.027	-0.267,-0.121	-0.213,-0.202	-0.135,-0.261	-0.043,-0.290	0.055,-0.288	0.146,-0.255	0.221,-0.193	0.272,-0.110	0.293,-0.015	0.282,0.081	0.240,0.169	0.172,0.238	0.084,0.281	0.000,0.000	
0.000,0.210	-0.069,0.199	-0.130,0.165	-0.177,0.114	-0.204,0.050	-0.210,-0.020	-0.192,-0.087	-0.153,-0.145	-0.097,-0.187	-0.031,-0.208	0.039,-0.207	0.105,-0.183	0.158,-0.138	0.195,-0.079	0.210,-0.011	0.202,0.058	0.172,0.121	0.123,0.171	0.060,0.202	0.000,0.000	
0.000,0.151	-0.049,0.143	-0.093,0.119	-0.127,0.082	-0.147,0.036	-0.150,-0.014	-0.137,-0.062	-0.109,-0.104	-0.069,-0.134	-0.022,-0.149	0.028,-0.148	0.075,-0.131	0.114,-0.099	0.140,-0.057	0.151,-0.008	0.145,0.042	0.123,0.087	0.088,0.122	0.043,0.144	0.000,0.000	
0.000,0.108	-0.035,0.102	-0.067,0.085	-0.091,0.059	-0.105,0.026	-0.108,-0.010	-0.098,-0.045	-0.078,-0.074	-0.050,-0.096	-0.016,-0.107	0.020,-0.106	0.054,-0.094	0.081,-0.071	0.100,-0.041	0.108,-0.006	0.104,0.030	0.088,0.062	0.063,0.088	0.031,0.104	0.000,0.000	
0.000,0.078	-0.025,0.073	-0.048,0.061	-0.065,0.042	-0.075,0.018	-0.077,-0.007	-0.071,-0.032	-0.056,-0.053	-0.036,-0.069	-0.011,-0.077	0.014,-0.076	0.039,-0.067	0.058,-0.051	0.072,-0.029	0.077,-0.004	0.074,0.021	0.063,0.045	0.045,0.063	0.022,0.074	0.000,0.000	
0.000,0.056	-0.018,0.053	-0.034,0.044	-0.047,0.030	-0.054,0.013	-0.055,-0.005	-0.051,-0.023	-0.040,-0.038	-0.026,-0.049	-0.008,-0.055	0.010,-0.055	0.028,-0.048	0.042,-0.037	0.052,-0.021	0.055,-0.003	0.053,0.015	0.045,0.032	0.032,0.045	0.016,0.053	0.000,0.000	
0.000,0.040	-0.013,0.038	-0.025,0.031	-0.033,0.022	-0.039,0.009	-0.040,-0.004	-0.036,-0.016	-0.029,-0.027	-0.018,-0.035	-0.006,-0.039	0.007,-0.039	0.020,-0.035	0.030,-0.026	0.037,-0.015	0.040,-0.002	0.038,0.011	0.033,0.023	0.023,0.032	0.011,0.038	0.000,0.000	
0.000,0.029	-0.009,0.027	-0.018,0.022	-0.024,0.015	-0.028,0.007	-0.028,-0.003	-0.026,-0.012	-0.021,-0.020	-0.013,-0.025	-0.004,-0.028	0.005,-0.028	0.014,-0.025	0.022,-0.019	0.026,-0.011	0.029,-0.001	0.027,0.008	0.023,0.016	0.017,0.023	0.008,0.027	0.000,0.000	
0.000,0.000	0.000,0.000	0.000,0.000	0.000,0.000	0.000,0.000	0.000,0.000	0.000,0.000	0.000,0.000	0.000,0.000	0.000,0.000	0.000,0.000	0.000,0.000	0.000,0.000	0.000,0.000	0.000,0.000	0.000,0.000	0.000,0.000	0.000,0.000	0.000,0.000	0.000,0.000	
0.000,0.000	0.000,0.000	0.000,0.000	0.000,0.000	0.000,0.000	0.000,0.000	0.000,0.000	0.000,0.000	0.000,0.000	0.000,0.000	0.000,0.000	0.000,0.000	0.000,0.000	0.000,0.000	0.000,0.000	0.000,0.000	0.000,0.000	0.000,0.000	0.000,0.000	0.000,0.000	
0.000,0.000	0.000,0.000	0.000,0.000	0.000,0.000	0.000,0.000	0.000,0.000	0.000,0.000	0.000,0.000	0.000,0.000	0.000,0.000	0.000,0.000	0.000,0.000	0.000,0.000	0.000,0.000	0.000,0.000	0.000,0.000	0.000,0.000	0.000,0.000	0.000,0.000	0.000,0.000	
0.000,0.000	0.000,0.000	0.000,0.000	0.000,0.000	0.000,0.000	0.000,0.000	0.000,0.000	0.000,0.000	0.000,0.000	0.000,0.000	0.000,0.000	0.000,0.000	0.000,0.000	0.000,0.000	0.000,0.000	0.000,0.000	0.000,0.000	0.000,0.000	0.000,0.000	0.000,0.000	
0.000,0.000	0.000,0.000	0.000,0.000	0.000,0.000	0.000,0.000	0.000,0.000	0.000,0.000	0.000,0.000	0.000,0.000	0.000,0.000	0.000,0.000	0.000,0.000	0.000,0.000	0.000,0.000	0.000,0.000	0.000,0.000	0.000,0.000	0.000,0.000	0.000,0.000	0.000,0.000	


0.309,0.481	0.135,0.555	-0.054,0.569	-0.237,0.520	-0.394,0.414	-0.507,0.263	-0.565,0.082	-0.561,-0.107	-0.495,-0.284	-0.375,-0.431	-0.214,-0.530	-0.029,-0.570	0.159,-0.549	0.329,-0.467	0.464,-0.333	0.547,-0.164	0.571,0.024	0.531,0.209	0.434,0.371	0.000,0.000	
0.221,0.344	0.097,0.398	-0.039,0.408	-0.170,0.373	-0.282,0.297	-0.364,0.188	-0.405,0.059	-0.402,-0.077	-0.355,-0.204	-0.269,-0.309	-0.153,-0.380	-0.021,-0.409	0.114,-0.393	0.236,-0.335	0.332,-0.239	0.392,-0.117	0.409,0.017	0.381,0.150	0.311,0.266	0.000,0.000	
0.159,0.247	0.069,0.285	-0.028,0.292	-0.122,0.267	-0.202,0.213	-0.261,0.135	-0.290,0.042	-0.288,-0.055	-0.255,-0.146	-0.193,-0.221	-0.110,-0.272	-0.015,-0.293	0.082,-0.282	0.169,-0.240	0.238,-0.171	0.281,-0.084	0.293,0.012	0.273,0.108	0.223,0.191	0.000,0.000	
0.114,0.177	0.050,0.204	-0.020,0.209	-0.087,0.191	-0.145,0.152	-0.187,0.097	-0.208,0.030	-0.207,-0.039	-0.183,-0.105	-0.138,-0.159	-0.079,-0.195	-0.011,-0.210	0.058,-0.202	0.121,-0.172	0.171,-0.123	0.202,-0.060	0.210,0.009	0.196,0.077	0.160,0.137	0.000,0.000	
0.082,0.127	0.036,0.147	-0.014,0.150	-0.063,0.137	-0.104,0.109	-0.134,0.069	-0.149,0.022	-0.148,-0.028	-0.131,-0.075	-0.099,-0.114	-0.057,-0.140	-0.008,-0.151	0.042,-0.145	0.087,-0.123	0.122,-0.088	0.145,-0.043	0.151,0.006	0.140,0.055	0.115,0.098	0.000,0.000	
0.058,0.091	0.026,0.105	-0.010,0.108	-0.045,0.098	-0.075,0.078	-0.096,0.050	-0.107,0.016	-0.106,-0.020	-0.094,-0.054	-0.071,-0.082	-0.041,-0.100	-0.006,-0.108	0.030,-0.104	0.062,-0.088	0.088,-0.063	0.104,-0.031	0.108,0.005	0.101,0.040	0.082,0.070	0.000,0.000	
0.042,0.065	0.018,0.075	-0.007,0.077	-0.032,0.071	-0.053,0.056	-0.069,0.036	-0.077,0.011	-0.076,-0.014	-0.067,-0.039	-0.051,-0.058	-0.029,-0.072	-0.004,-0.077	0.022,-0.074	0.045,-0.063	0.063,-0.045	0.074,-0.022	0.077,0.003	0.072,0.028	0.059,0.050	0.000,0.000	
0.030,0.047	0.013,0.054	-0.005,0.055	-0.023,0.051	-0.038,0.040	-0.049,0.026	-0.055,0.008	-0.055,-0.010	-0.048,-0.028	-0.037,-0.042	-0.021,-0.052	-0.003,-0.055	0.015,-0.053	0.032,-0.045	0.045,-0.032	0.053,-0.016	0.056,0.002	0.052,0.020	0.042,0.036	0.000,0.000	
0.022,0.034	0.009,0.039	-0.004,0.040	-0.017,0.036	-0.027,0.029	-0.035,0.018	-0.039,0.006	-0.039,-0.007	-0.035,-0.020	-0.026,-0.030	-0.015,-0.037	-0.002,-0.040	0.011,-0.038	0.023,-0.033	0.032,-0.023	0.038,-0.011	0.040,0.002	0.037,0.015	0.030,0.026	0.000,0.000	
0.015,0.024	0.007,0.028	-0.003,0.028	-0.012,0.026	-0.020,0.021	-0.025,0.013	-0.028,0.004	-0.028,-0.005	-0.025,-0.014	-0.019,-0.022	-0.011,-0.026	-0.001,-0.029	0.008,-0.027	0.016,-0.023	0.023,-0.017	0.027,-0.008	0.029,0.001	0.027,0.010	0.022,0.019	0.000,0.000	
0.000,0.000	0.000,0.000	0.000,0.000	0.000,0.000	0.000,0.000	0.000,0.000	0.000,0.000	0.000,0.000	0.000,0.000	0.000,0.000	0.000,0.000	0.000,0.000	0.000,0.000	0.000,0.000	0.000,0.000	0.000,0.000	0.000,0.000	0.000,0.000	0.000,0.000	0.000,0.000	
0.000,0.000	0.000,0.000	0.000,0.000	0.000,0.000	0.000,0.000	0.000,0.000	0.000,0.000	0.000,0.000	0.000,0.000	0.000,0.000	0.000,0.000	0.000,0.000	0.000,0.000	0.000,0.000	0.000,0.000	0.000,0.000	0.000,0.000	0.000,0.000	0.000,0.000	0.000,0.000	
0.000,0.000	0.000,0.000	0.000,0.000	0.000,0.000	0.000,0.000	0.000,0.000	0.000,0.000	0.000,0.000	0.000,0.000	0.000,0.000	0.000,0.000	0.000,0.000	0.000,0.000	0.000,0.000	0.000,0.000	0.000,0.000	0.000,0.000	0.000,0.000	0.000,0.000	0.000,0.000	
0.000,0.000	0.000,0.000	0.000,0.000	0.000,0.000	0.000,0.000	0.000,0.000	0.000,0.000	0.000,0.000	0.000,0.000	0.000,0.000	0.000,0.000	0.000,0.000	0.000,0.000	0.000,0.000	0.000,0.000	0.000,0.000	0.000,0.000	0.000,0.000	0.000,0.000	0.000,0.000	
0.000,0.000	0.000,0.000	0.000,0.000	0.000,0.000	0.000,0.000	0.000,0.000	0.000,0.000	0.000,0.000	0.000,0.000	0.000,0.000	0.000,0.000	0.000,0.000	0.000,0.000	0.000,0.000	0.000,0.000	0.000,0.000	0.000,0.000	0.000,0.000	0.000,0.000	0.000,0.000	


0.520,0.237	0.414,0.394	0.262,0.508	0.082,0.565	-0.107,0.561	-0.285,0.495	-0.431,0.375	-0.530,0.214	-0.570,0.029	-0.549,-0.159	-0.466,-0.330	-0.333,-0.464	-0.163,-0.547	0.025,-0.571	0.210,-0.531	0.372,-0.434	0.493,-0.288	0.560,-0.111	0.566,0.078	0.000,0.000	
0.372,0.170	0.296,0.282	0.188,0.364	0.059,0.405	-0.077,0.402	-0.204,0.355	-0.309,0.269	-0.380,0.153	-0.409,0.021	-0.393,-0.114	-0.334,-0.236	-0.239,-0.333	-0.117,-0.392	0.018,-0.409	0.150,-0.381	0.267,-0.311	0.354,-0.207	0.402,-0.080	0.406,0.056	0.000,0.000	
0.267,0.122	0.213,0.202	0.135,0.261	0.042,0.291	-0.055,0.288	-0.146,0.254	-0.221,0.193	-0.272,0.110	-0.293,0.015	-0.282,-0.082	-0.240,-0.169	-0.171,-0.238	-0.084,-0.281	0.013,-0.293	0.108,-0.273	0.191,-0.223	0.253,-0.148	0.288,-0.057	0.291,0.040	0.000,0.000	
0.191,0.087	0.152,0.145	0.097,0.187	0.030,0.208	-0.040,0.207	-0.105,0.182	-0.159,0.138	-0.195,0.079	-0.210,0.011	-0.202,-0.059	-0.172,-0.121	-0.123,-0.171	-0.060,-0.202	0.009,-0.210	0.077,-0.196	0.137,-0.160	0.182,-0.106	0.206,-0.041	0.208,0.029	0.000,0.000	
0.137,0.063	0.109,0.104	0.069,0.134	0.022,0.149	-0.028,0.148	-0.075,0.131	-0.114,0.099	-0.140,0.056	-0.151,0.008	-0.145,-0.042	-0.123,-0.087	-0.088,-0.123	-0.043,-0.145	0.007,-0.151	0.055,-0.140	0.098,-0.114	0.130,-0.076	0.148,-0.029	0.149,0.021	0.000,0.000	
0.098,0.045	0.078,0.075	0.050,0.096	0.015,0.107	-0.020,0.106	-0.054,0.094	-0.082,0.071	-0.100,0.040	-0.108,0.005	-0.104,-0.030	-0.088,-0.062	-0.063,-0.088	-0.031,-0.104	0.005,-0.108	0.040,-0.101	0.070,-0.082	0.093,-0.055	0.106,-0.021	0.107,0.015	0.000,0.000	
0.071,0.032	0.056,0.053	0.036,0.069	0.011,0.077	-0.015,0.076	-0.039,0.067	-0.058,0.051	-0.072,0.029	-0.077,0.004	-0.074,-0.022	-0.063,-0.045	-0.045,-0.063	-0.022,-0.074	0.003,-0.077	0.028,-0.072	0.050,-0.059	0.067,-0.039	0.076,-0.015	0.077,0.011	0.000,0.000	
0.051,0.023	0.040,0.038	0.025,0.049	0.008,0.055	-0.010,0.055	-0.028,0.048	-0.042,0.036	-0.052,0.021	-0.056,0.003	-0.053,-0.015	-0.045,-0.032	-0.032,-0.045	-0.016,-0.053	0.002,-0.056	0.020,-0.052	0.036,-0.042	0.048,-0.028	0.055,-0.011	0.055,0.008	0.000,0.000	
0.036,0.017	0.029,0.027	0.018,0.035	0.006,0.039	-0.007,0.039	-0.020,0.035	-0.030,0.026	-0.037,0.015	-0.040,0.002	-0.038,-0.011	-0.033,-0.023	-0.023,-0.032	-0.011,-0.038	0.002,-0.040	0.015,-0.037	0.026,-0.030	0.034,-0.020	0.039,-0.008	0.039,0.005	0.000,0.000	
0.026,0.012	0.021,0.020	0.013,0.025	0.004,0.028	-0.005,0.028	-0.014,0.025	-0.022,0.019	-0.026,0.011	-0.029,0.001	-0.027,-0.008	-0.023,-0.016	-0.017,-0.023	-0.008,-0.027	0.001,-0.029	0.010,-0.027	0.019,-0.022	0.025,-0.014	0.028,-0.006	0.028,0.004	0.000,0.000	
0.000,0.000	0.000,0.000	0.000,0.000	0.000,0.000	0.000,0.000	0.000,0.000	0.000,0.000	0.000,0.000	0.000,0.000	0.000,0.000	0.000,0.000	0.000,0.000	0.000,0.000	0.000,0.000	0.000,0.000	0.000,0.000	0.000,0.000	0.000,0.000	0.000,0.000	0.000,0.000	
0.000,0.000	0.000,0.000	0.000,0.000	0.000,0.000	0.000,0.000	0.000,0.000	0.000,0.000	0.000,0.000	0.000,0.000	0.000,0.000	0.000,0.000	0.000,0.000	0.000,0.000	0.000,0.000	0.000,0.000	0.000,0.000	0.000,0.000	0.000,0.000	0.000,0.000	0.000,0.000	
0.000,0.000	0.000,0.000	0.000,0.000	0.000,0.000	0.000,0.000	0.000,0.000	0.000,0.000	0.000,0.000	0.000,0.000	0.000,0.000	0.000,0.000	0.000,0.000	0.000,0.000	0.000,0.000	0.000,0.000	0.000,0.000	0.000,0.000	0.000,0.000	0.000,0.000	0.000,0.000	
0.000,0.000	0.000,0.000	0.000,0.000	0.000,0.000	0.000,0.000	0.000,0.000	0.000,0.000	0.000,0.000	0.000,0.000	0.000,0.000	0.000,0.000	0.000,0.000	0.000,0.000	0.000,0.000	0.000,0.000	0.000,0.000	0.000,0.000	0.000,0.000	0.000,0.000	0.000,0.000	
0.000,0.000	0.000,0.000	0.000,0.000	0.000,0.000	0.000,0.000	0.000,0.000	0.000,0.000	0.000,0.000	0.000,0.000	0.000,0.000	0.000,0.000	0.000,0.000	0.000,0.000	0.000,0.000	0.000,0.000	0.000,0.000	0.000,0.000	0.000,0.000	0.000,0.000	0.000,0.000	


0.565,-0.081	0.561,0.108	0.495,0.285	0.374,0.431	0.213,0.530	0.028,0.571	-0.160,0.548	-0.330,0.466	-0.464,0.333	-0.548,0.163	-0.571,-0.025	-0.531,-0.210	-0.433,-0.372	-0.288,-0.493	-0.111,-0.560	0.078,-0.566	0.259,-0.509	0.411,-0.397	0.518,-0.240	0.000,0.000	
0.405,-0.058	0.402,0.077	0.355,0.205	0.268,0.309	0.153,0.380	0.020,0.409	-0.115,0.393	-0.237,0.334	-0.333,0.238	-0.393,0.117	-0.409,-0.018	-0.381,-0.151	-0.311,-0.267	-0.206,-0.354	-0.079,-0.402	0.056,-0.406	0.186,-0.365	0.295,-0.284	0.371,-0.172	0.000,0.000	
0.291,-0.042	0.288,0.055	0.254,0.147	0.192,0.222	0.109,0.272	0.014,0.293	-0.082,0.282	-0.170,0.240	-0.239,0.171	-0.281,0.084	-0.293,-0.013	-0.273,-0.108	-0.223,-0.191	-0.148,-0.254	-0.057,-0.288	0.040,-0.291	0.133,-0.262	0.211,-0.204	0.266,-0.124	0.000,0.000	
0.208,-0.030	0.207,0.040	0.182,0.105	0.138,0.159	0.078,0.195	0.010,0.210	-0.059,0.202	-0.122,0.172	-0.171,0.123	-0.202,0.060	-0.210,-0.009	-0.196,-0.077	-0.160,-0.137	-0.106,-0.182	-0.041,-0.206	0.029,-0.208	0.095,-0.188	0.151,-0.146	0.191,-0.089	0.000,0.000	
0.149,-0.021	0.148,0.028	0.131,0.075	0.099,0.114	0.056,0.140	0.007,0.151	-0.042,0.145	-0.087,0.123	-0.123,0.088	-0.145,0.043	-0.151,-0.007	-0.140,-0.056	-0.114,-0.098	-0.076,-0.130	-0.029,-0.148	0.021,-0.149	0.068,-0.134	0.109,-0.105	0.137,-0.063	0.000,0.000	
0.107,-0.015	0.106,0.020	0.094,0.054	0.071,0.082	0.040,0.100	0.005,0.108	-0.030,0.104	-0.063,0.088	-0.088,0.063	-0.104,0.031	-0.108,-0.005	-0.101,-0.040	-0.082,-0.070	-0.054,-0.093	-0.021,-0.106	0.015,-0.107	0.049,-0.096	0.078,-0.075	0.098,-0.046	0.000,0.000	
0.077,-0.011	0.076,0.015	0.067,0.039	0.051,0.059	0.029,0.072	0.004,0.077	-0.022,0.074	-0.045,0.063	-0.063,0.045	-0.074,0.022	-0.077,-0.003	-0.072,-0.029	-0.059,-0.051	-0.039,-0.067	-0.015,-0.076	0.011,-0.077	0.035,-0.069	0.056,-0.054	0.070,-0.033	0.000,0.000	
0.055,-0.008	0.055,0.010	0.048,0.028	0.036,0.042	0.021,0.052	0.003,0.056	-0.016,0.053	-0.032,0.045	-0.045,0.032	-0.053,0.016	-0.056,-0.002	-0.052,-0.020	-0.042,-0.036	-0.028,-0.048	-0.011,-0.055	0.008,-0.055	0.025,-0.050	0.040,-0.039	0.050,-0.023	0.000,0.000	
0.039,-0.006	0.039,0.008	0.035,0.020	0.026,0.030	0.015,0.037	0.002,0.040	-0.011,0.038	-0.023,0.033	-0.032,0.023	-0.038,0.011	-0.040,-0.002	-0.037,-0.015	-0.030,-0.026	-0.020,-0.034	-0.008,-0.039	0.005,-0.039	0.018,-0.036	0.029,-0.028	0.036,-0.017	0.000,0.000	
0.028,-0.004	0.028,0.005	0.025,0.014	0.019,0.022	0.011,0.026	0.001,0.029	-0.008,0.027	-0.017,0.023	-0.023,0.017	-0.027,0.008	-0.029,-0.001	-0.027,-0.011	-0.022,-0.019	-0.014,-0.025	-0.006,-0.028	0.004,-0.028	0.013,-0.025	0.021,-0.020	0.026,-0.012	0.000,0.000	
0.000,0.000	0.000,0.000	0.000,0.000	0.000,0.000	0.000,0.000	0.000,0.000	0.000,0.000	0.000,0.000	0.000,0.000	0.000,0.000	0.000,0.000	0.000,0.000	0.000,0.000	0.000,0.000	0.000,0.000	0.000,0.000	0.000,0.000	0.000,0.000	0.000,0.000	0.000,0.000	
0.000,0.000	0.000,0.000	0.000,0.000	0.000,0.000	0.000,0.000	0.000,0.000	0.000,0.000	0.000,0.000	0.000,0.000	0.000,0.000	0.000,0.000	0.000,0.000	0.000,0.000	0.000,0.000	0.000,0.000	0.000,0.000	0.000,0.000	0.000,0.000	0.000,0.000	0.000,0.000	
0.000,0.000	0.000,0.000	0.000,0.000	0.000,0.000	0.000,0.000	0.000,0.000	0.000,0.000	0.000,0.000	0.000,0.000	0.000,0.000	0.000,0.000	0.000,0.000	0.000,0.000	0.000,0.000	0.000,0.000	0.000,0.000	0.000,0.000	0.000,0.000	0.000,0.000	0.000,0.000	
0.000,0.000	0.000,0.000	0.000,0.000	0.000,0.000	0.000,0.000	0.000,0.000	0.000,0.000	0.000,0.000	0.000,0.000	0.000,0.000	0.000,0.000	0.000,0.000	0.000,0.000	0.000,0.000	0.000,0.000	0.000,0.000	0.000,0.000	0.000,0.000	0.000,0.000	0.000,0.000	
0.000,0.000	0.000,0.000	0.000,0.000	0.000,0.000	0.000,0.000	0.000,0.000	0.000,0.000	0.000,0.000	0.000,0.000	0.000,0.000	0.000,0.000	0.000,0.000	0.000,0.000	0.000,0.000	0.000,0.000	0.000,0.000	0.000,0.000	0.000,0.000	0.000,0.000	0.000,0.000	


0.432,-0.374	0.530,-0.212	0.571,-0.028	0.548,0.160	0.466,0.331	0.332,0.465	0.162,0.548	-0.026,0.571	-0.211,0.531	-0.373,0.433	-0.494,0.287	-0.560,0.110	-0.566,-0.079	-0.509,-0.260	-0.396,-0.412	-0.240,-0.518	-0.057,-0.568	0.132,-0.556	0.306,-0.482	0.000,0.000	
0.309,-0.268	0.380,-0.152	0.409,-0.020	0.393,0.115	0.334,0.237	0.238,0.333	0.116,0.393	-0.019,0.409	-0.151,0.381	-0.267,0.310	-0.354,0.206	-0.402,0.079	-0.406,-0.057	-0.365,-0.186	-0.284,-0.295	-0.172,-0.372	-0.041,-0.407	0.094,-0.398	0.219,-0.346	0.000,0.000	
0.222,-0.192	0.272,-0.109	0.293,-0.014	0.282,0.082	0.239,0.170	0.171,0.239	0.083,0.281	-0.013,0.293	-0.108,0.273	-0.192,0.222	-0.254,0.148	-0.288,0.057	-0.291,-0.041	-0.261,-0.133	-0.204,-0.211	-0.123,-0.266	-0.029,-0.292	0.068,-0.286	0.157,-0.248	0.000,0.000	
0.159,-0.138	0.195,-0.078	0.210,-0.010	0.202,0.059	0.172,0.122	0.122,0.171	0.060,0.202	-0.010,0.210	-0.078,0.196	-0.137,0.159	-0.182,0.106	-0.206,0.041	-0.208,-0.029	-0.187,-0.096	-0.146,-0.152	-0.088,-0.191	-0.021,-0.209	0.048,-0.205	0.113,-0.178	0.000,0.000	
0.114,-0.099	0.140,-0.056	0.151,-0.007	0.145,0.042	0.123,0.087	0.088,0.123	0.043,0.145	-0.007,0.151	-0.056,0.140	-0.098,0.114	-0.130,0.076	-0.148,0.029	-0.149,-0.021	-0.134,-0.069	-0.105,-0.109	-0.063,-0.137	-0.015,-0.150	0.035,-0.147	0.081,-0.127	0.000,0.000	
0.082,-0.071	0.100,-0.040	0.108,-0.005	0.104,0.030	0.088,0.063	0.063,0.088	0.031,0.104	-0.005,0.108	-0.040,0.100	-0.071,0.082	-0.093,0.054	-0.106,0.021	-0.107,-0.015	-0.096,-0.049	-0.075,-0.078	-0.045,-0.098	-0.011,-0.108	0.025,-0.105	0.058,-0.091	0.000,0.000	
0.059,-0.051	0.072,-0.029	0.077,-0.004	0.074,0.022	0.063,0.045	0.045,0.063	0.022,0.074	-0.004,0.077	-0.029,0.072	-0.051,0.059	-0.067,0.039	-0.076,0.015	-0.077,-0.011	-0.069,-0.035	-0.054,-0.056	-0.033,-0.070	-0.008,-0.077	0.018,-0.075	0.042,-0.065	0.000,0.000	
0.042,-0.036	0.052,-0.021	0.056,-0.003	0.053,0.016	0.045,0.032	0.032,0.045	0.016,0.053	-0.003,0.056	-0.021,0.052	-0.036,0.042	-0.048,0.028	-0.055,0.011	-0.055,-0.008	-0.050,-0.025	-0.039,-0.040	-0.023,-0.050	-0.006,-0.055	0.013,-0.054	0.030,-0.047	0.000,0.000	
0.030,-0.026	0.037,-0.015	0.040,-0.002	0.038,0.011	0.032,0.023	0.023,0.032	0.011,0.038	-0.002,0.040	-0.015,0.037	-0.026,0.030	-0.034,0.020	-0.039,0.008	-0.039,-0.006	-0.035,-0.018	-0.028,-0.029	-0.017,-0.036	-0.004,-0.040	0.009,-0.039	0.021,-0.034	0.000,0.000	
0.022,-0.019	0.027,-0.011	0.029,-0.001	0.027,0.008	0.023,0.017	0.017,0.023	0.008,0.027	-0.001,0.029	-0.011,0.027	-0.019,0.022	-0.025,0.014	-0.028,0.006	-0.028,-0.004	-0.025,-0.013	-0.020,-0.021	-0.012,-0.026	-0.003,-0.028	0.007,-0.028	0.015,-0.024	0.000,0.000	
0.000,0.000	0.000,0.000	0.000,0.000	0.000,0.000	0.000,0.000	0.000,0.000	0.000,0.000	0.000,0.000	0.000,0.000	0.000,0.000	0.000,0.000	0.000,0.000	0.000,0.000	0.000,0.000	0.000,0.000	0.000,0.000	0.000,0.000	0.000,0.000	0.000,0.000	0.000,0.000	
0.000,0.000	0.000,0.000	0.000,0.000	0.000,0.000	0.000,0.000	0.000,0.000	0.000,0.000	0.000,0.000	0.000,0.000	0.000,0.000	0.000,0.000	0.000,0.000	0.000,0.000	0.000,0.000	0.000,0.000	0.000,0.000	0.000,0.000	0.000,0.000	0.000,0.000	0.000,0.000	
0.000,0.000	0.000,0.000	0.000,0.000	0.000,0.000	0.000,0.000	0.000,0.000	0.000,0.000	0.000,0.000	0.000,0.000	0.000,0.000	0.000,0.000	0.000,0.000	0.000,0.000	0.000,0.000	0.000,0.000	0.000,0.000	0.000,0.000	0.000,0.000	0.000,0.000	0.000,0.000	
0.000,0.000	0.000,0.000	0.000,0.000	0.000,0.000	0.000,0.000	0.000,0.000	0.000,0.000	0.000,0.000	0.000,0.000	0.000,0.000	0.000,0.000	0.000,0.000	0.000,0.000	0.000,0.000	0.000,0.000	0.000,0.000	0.000,0.000	0.000,0.000	0.000,0.000	0.000,0.000	
0.000,0.000	0.000,0.000	0.000,0.000	0.000,0.000	0.000,0.000	0.000,0.000	0.000,0.000	0.000,0.000	0.000,0.000	0.000,0.000	0.000,0.000	0.000,0.000	0.000,0.000	0.000,0.000	0.000,0.000	0.000,0.000	0.000,0.000	0.000,0.000	0.000,0.000	0.000,0.000	


0.161,-0.548	0.331,-0.465	0.465,-0.332	0.548,-0.161	0.571,0.026	0.531,0.211	0.432,0.373	0.287,0.494	0.110,0.561	-0.080,0.566	-0.260,0.509	-0.412,0.396	-0.519,0.239	-0.568,0.057	-0.556,-0.132	-0.482,-0.306	-0.355,-0.447	-0.190,-0.539	-0.003,-0.571	0.000,0.000	
0.115,-0.393	0.237,-0.334	0.333,-0.238	0.393,-0.116	0.409,0.019	0.380,0.152	0.310,0.268	0.206,0.354	0.079,0.402	-0.057,0.405	-0.186,0.365	-0.295,0.284	-0.372,0.172	-0.407,0.041	-0.398,-0.095	-0.346,-0.220	-0.255,-0.321	-0.136,-0.386	-0.002,-0.409	0.000,0.000	
0.083,-0.282	0.170,-0.239	0.239,-0.170	0.282,-0.083	0.293,0.014	0.273,0.109	0.222,0.192	0.147,0.254	0.056,0.288	-0.041,0.291	-0.134,0.261	-0.212,0.203	-0.267,0.123	-0.292,0.029	-0.286,-0.068	-0.248,-0.157	-0.183,-0.230	-0.098,-0.277	-0.002,-0.294	0.000,0.000	
0.059,-0.202	0.122,-0.171	0.171,-0.122	0.202,-0.059	0.210,0.010	0.195,0.078	0.159,0.137	0.106,0.182	0.040,0.207	-0.029,0.208	-0.096,0.187	-0.152,0.146	-0.191,0.088	-0.209,0.021	-0.205,-0.049	-0.178,-0.113	-0.131,-0.165	-0.070,-0.198	-0.001,-0.210	0.000,0.000	
0.042,-0.145	0.087,-0.123	0.123,-0.088	0.145,-0.043	0.151,0.007	0.140,0.056	0.114,0.099	0.076,0.130	0.029,0.148	-0.021,0.149	-0.069,0.134	-0.109,0.104	-0.137,0.063	-0.150,0.015	-0.147,-0.035	-0.127,-0.081	-0.094,-0.118	-0.050,-0.142	-0.001,-0.151	0.000,0.000	
0.030,-0.104	0.063,-0.088	0.088,-0.063	0.104,-0.031	0.108,0.005	0.100,0.040	0.082,0.071	0.054,0.094	0.021,0.106	-0.015,0.107	-0.049,0.096	-0.078,0.075	-0.098,0.045	-0.108,0.011	-0.105,-0.025	-0.091,-0.058	-0.067,-0.085	-0.036,-0.102	-0.001,-0.108	0.000,0.000	
0.022,-0.074	0.045,-0.063	0.063,-0.045	0.074,-0.022	0.077,0.004	0.072,0.029	0.059,0.051	0.039,0.067	0.015,0.076	-0.011,0.077	-0.035,0.069	-0.056,0.054	-0.070,0.032	-0.077,0.008	-0.075,-0.018	-0.065,-0.042	-0.048,-0.061	-0.026,-0.073	-0.000,-0.078	0.000,0.000	
0.016,-0.053	0.032,-0.045	0.045,-0.032	0.053,-0.016	0.056,0.003	0.052,0.021	0.042,0.036	0.028,0.048	0.011,0.055	-0.008,0.055	-0.025,0.049	-0.040,0.038	-0.050,0.023	-0.055,0.006	-0.054,-0.013	-0.047,-0.030	-0.035,-0.043	-0.018,-0.052	-0.000,-0.056	0.000,0.000	
0.011,-0.038	0.023,-0.032	0.032,-0.023	0.038,-0.011	0.040,0.002	0.037,0.015	0.030,0.026	0.020,0.034	0.008,0.039	-0.006,0.039	-0.018,0.035	-0.029,0.028	-0.036,0.017	-0.040,0.004	-0.039,-0.009	-0.034,-0.021	-0.025,-0.031	-0.013,-0.038	-0.000,-0.040	0.000,0.000	
0.008,-0.027	0.017,-0.023	0.023,-0.017	0.027,-0.008	0.029,0.001	0.027,0.011	0.022,0.019	0.014,0.025	0.005,0.028	-0.004,0.028	-0.013,0.025	-0.021,0.020	-0.026,0.012	-0.028,0.003	-0.028,-0.007	-0.024,-0.015	-0.018,-0.022	-0.009,-0.027	-0.000,-0.029	0.000,0.000	
0.000,0.000	0.000,0.000	0.000,0.000	0.000,0.000	0.000,0.000	0.000,0.000	0.000,0.000	0.000,0.000	0.000,0.000	0.000,0.000	0.000,0.000	0.000,0.000	0.000,0.000	0.000,0.000	0.000,0.000	0.000,0.000	0.000,0.000	0.000,0.000	0.000,0.000	0.000,0.000	
0.000,0.000	0.000,0.000	0.000,0.000	0.000,0.000	0.000,0.000	0.000,0.000	0.000,0.000	0.000,0.000	0.000,0.000	0.000,0.000	0.000,0.000	0.000,0.000	0.000,0.000	0.000,0.000	0.000,0.000	0.000,0.000	0.000,0.000	0.000,0.000	0.000,0.000	0.000,0.000	
0.000,0.000	0.000,0.000	0.000,0.000	0.000,0.000	0.000,0.000	0.000,0.000	0.000,0.000	0.000,0.000	0.000,0.000	0.000,0.000	0.000,0.000	0.000,0.000	0.000,0.000	0.000,0.000	0.000,0.000	0.000,0.000	0.000,0.000	0.000,0.000	0.000,0.000	0.000,0.000	
0.000,0.000	0.000,0.000	0.000,0.000	0.000,0.000	0.000,0.000	0.000,0.000	0.000,0.000	0.000,0.000	0.000,0.000	0.000,0.000	0.000,0.000	0.000,0.000	0.000,0.000	0.000,0.000	0.000,0.000	0.000,0.000	0.000,0.000	0.000,0.000	0.000,0.000	0.000,0.000	
0.000,0.000	0.000,0.000	0.000,0.000	0.000,0.000	0.000,0.000	0.000,0.000	0.000,0.000	0.000,0.000	0.000,0.000	0.000,0.000	0.000,0.000	0.000,0.000	0.000,0.000	0.000,0.000	0.000,0.000	0.000,0.000	0.000,0.000	0.000,0.000	0.000,0.000	0.000,0.000	


-0.161,-0.548	0.027,-0.571	0.212,-0.530	0.374,-0.432	0.494,-0.286	0.561,-0.109	0.566,0.080	0.508,0.261	0.395,0.412	0.239,0.519	0.056,0.568	-0.133,0.556	-0.307,0.482	-0.447,0.355	-0.539,0.189	-0.571,0.003	-0.541,-0.184	-0.451,-0.351	-0.312,-0.479	0.000,0.000	
-0.115,-0.393	0.019,-0.409	0.152,-0.380	0.268,-0.310	0.354,-0.205	0.402,-0.078	0.405,0.057	0.364,0.187	0.283,0.296	0.171,0.372	0.040,0.407	-0.095,0.398	-0.220,0.345	-0.321,0.255	-0.386,0.136	-0.409,0.002	-0.388,-0.132	-0.323,-0.251	-0.223,-0.343	0.000,0.000	
-0.083,-0.282	0.014,-0.293	0.109,-0.273	0.192,-0.222	0.254,-0.147	0.288,-0.056	0.291,0.041	0.261,0.134	0.203,0.212	0.123,0.267	0.029,0.292	-0.068,0.286	-0.158,0.248	-0.230,0.182	-0.277,0.097	-0.294,0.001	-0.278,-0.095	-0.232,-0.180	-0.160,-0.246	0.000,0.000	
-0.059,-0.202	0.010,-0.210	0.078,-0.195	0.138,-0.159	0.182,-0.105	0.207,-0.040	0.208,0.030	0.187,0.096	0.146,0.152	0.088,0.191	0.021,0.209	-0.049,0.205	-0.113,0.177	-0.165,0.131	-0.199,0.070	-0.210,0.001	-0.199,-0.068	-0.166,-0.129	-0.115,-0.176	0.000,0.000	
-0.042,-0.145	0.007,-0.151	0.056,-0.140	0.099,-0.114	0.131,-0.076	0.148,-0.029	0.149,0.021	0.134,0.069	0.104,0.109	0.063,0.137	0.015,0.150	-0.035,0.147	-0.081,0.127	-0.118,0.094	-0.142,0.050	-0.151,0.001	-0.143,-0.049	-0.119,-0.093	-0.082,-0.126	0.000,0.000	
-0.030,-0.104	0.005,-0.108	0.040,-0.100	0.071,-0.082	0.094,-0.054	0.106,-0.021	0.107,0.015	0.096,0.049	0.075,0.078	0.045,0.098	0.011,0.108	-0.025,0.105	-0.058,0.091	-0.085,0.067	-0.102,0.036	-0.108,0.001	-0.102,-0.035	-0.085,-0.066	-0.059,-0.091	0.000,0.000	
-0.022,-0.074	0.004,-0.077	0.029,-0.072	0.051,-0.059	0.067,-0.039	0.076,-0.015	0.077,0.011	0.069,0.035	0.054,0.056	0.032,0.070	0.008,0.077	-0.018,0.075	-0.042,0.065	-0.061,0.048	-0.073,0.026	-0.078,0.000	-0.073,-0.025	-0.061,-0.048	-0.042,-0.065	0.000,0.000	
-0.016,-0.053	0.003,-0.056	0.021,-0.052	0.036,-0.042	0.048,-0.028	0.055,-0.011	0.055,0.008	0.049,0.025	0.038,0.040	0.023,0.050	0.005,0.055	-0.013,0.054	-0.030,0.047	-0.044,0.035	-0.052,0.018	-0.056,0.000	-0.053,-0.018	-0.044,-0.034	-0.030,-0.047	0.000,0.000	
-0.011,-0.038	0.002,-0.040	0.015,-0.037	0.026,-0.030	0.034,-0.020	0.039,-0.008	0.039,0.006	0.035,0.018	0.028,0.029	0.017,0.036	0.004,0.040	-0.009,0.039	-0.021,0.034	-0.031,0.025	-0.038,0.013	-0.040,0.000	-0.038,-0.013	-0.031,-0.024	-0.022,-0.033	0.000,0.000	
-0.008,-0.027	0.001,-0.029	0.011,-0.027	0.019,-0.022	0.025,-0.014	0.028,-0.005	0.028,0.004	0.025,0.013	0.020,0.021	0.012,0.026	0.003,0.028	-0.007,0.028	-0.015,0.024	-0.022,0.018	-0.027,0.009	-0.029,0.000	-0.027,-0.009	-0.023,-0.018	-0.016,-0.024	0.000,0.000	
0.000,0.000	0.000,0.000	0.000,0.000	0.000,0.000	0.000,0.000	0.000,0.000	0.000,0.000	0.000,0.000	0.000,0.000	0.000,0.000	0.000,0.000	0.000,0.000	0.000,0.000	0.000,0.000	0.000,0.000	0.000,0.000	0.000,0.000	0.000,0.000	0.000,0.000	0.000,0.000	
0.000,0.000	0.000,0.000	0.000,0.000	0.000,0.000	0.000,0.000	0.000,0.000	0.000,0.000	0.000,0.000	0.000,0.000	0.000,0.000	0.000,0.000	0.000,0.000	0.000,0.000	0.000,0.000	0.000,0.000	0.000,0.000	0.000,0.000	0.000,0.000	0.000,0.000	0.000,0.000	
0.000,0.000	0.000,0.000	0.000,0.000	0.000,0.000	0.000,0.000	0.000,0.000	0.000,0.000	0.000,0.000	0.000,0.000	0.000,0.000	0.000,0.000	0.000,0.000	0.000,0.000	0.000,0.000	0.000,0.000	0.000,0.000	0.000,0.000	0.000,0.000	0.000,0.000	0.000,0.000	
0.000,0.000	0.000,0.000	0.000,0.000	0.000,0.000	0.000,0.000	0.000,0.000	0.000,0.000	0.000,0.000	0.000,0.000	0.000,0.000	0.000,0.000	0.000,0.000	0.000,0.000	0.000,0.000	0.000,0.000	0.000,0.000	0.000,0.000	0.000,0.000	0.000,0.000	0.000,0.000	
0.000,0.000	0.000,0.000	0.000,0.000	0.000,0.000	0.000,0.000	0.000,0.000	0.000,0.000	0.000,0.000	0.000,0.000	0.000,0.000	0.000,0.000	0.000,0.000	0.000,0.000	0.000,0.000	0.000,0.000	0.000,0.000	0.000,0.000	0.000,0.000	0.000,0.000	0.000,0.000	


-0.432,-0.374	-0.286,-0.495	-0.108,-0.561	0.081,-0.565	0.261,-0.508	0.413,-0.395	0.519,-0.238	0.568,-0.056	0.555,0.133	0.481,0.307	0.355,0.448	0.189,0.539	0.002,0.571	-0.184,0.541	-0.351,0.451	-0.479,0.311	-0.554,0.138	-0.569,-0.051	-0.521,-0.234	0.000,0.000	
-0.309,-0.268	-0.205,-0.355	-0.078,-0.402	0.058,-0.405	0.187,-0.364	0.296,-0.283	0.372,-0.171	0.408,-0.040	0.398,0.095	0.345,0.220	0.254,0.321	0.135,0.386	0.002,0.409	-0.132,0.388	-0.252,0.323	-0.343,0.223	-0.397,0.099	-0.408,-0.037	-0.373,-0.168	0.000,0.000	
-0.222,-0.192	-0.147,-0.254	-0.056,-0.288	0.041,-0.291	0.134,-0.261	0.212,-0.203	0.267,-0.122	0.292,-0.029	0.285,0.068	0.247,0.158	0.182,0.230	0.097,0.277	0.001,0.294	-0.095,0.278	-0.180,0.232	-0.246,0.160	-0.285,0.071	-0.292,-0.026	-0.268,-0.120	0.000,0.000	
-0.159,-0.138	-0.105,-0.182	-0.040,-0.207	0.030,-0.208	0.096,-0.187	0.152,-0.145	0.191,-0.088	0.209,-0.020	0.205,0.049	0.177,0.113	0.131,0.165	0.070,0.199	0.001,0.210	-0.068,0.199	-0.129,0.166	-0.176,0.115	-0.204,0.051	-0.210,-0.019	-0.192,-0.086	0.000,0.000	
-0.114,-0.099	-0.075,-0.131	-0.029,-0.148	0.021,-0.149	0.069,-0.134	0.109,-0.104	0.137,-0.063	0.150,-0.015	0.147,0.035	0.127,0.081	0.094,0.118	0.050,0.142	0.001,0.151	-0.049,0.143	-0.093,0.119	-0.126,0.082	-0.146,0.036	-0.150,-0.013	-0.138,-0.062	0.000,0.000	
-0.082,-0.071	-0.054,-0.094	-0.021,-0.106	0.015,-0.107	0.049,-0.096	0.078,-0.075	0.098,-0.045	0.108,-0.011	0.105,0.025	0.091,0.058	0.067,0.085	0.036,0.102	0.000,0.108	-0.035,0.102	-0.066,0.085	-0.091,0.059	-0.105,0.026	-0.108,-0.010	-0.099,-0.044	0.000,0.000	
-0.059,-0.051	-0.039,-0.067	-0.015,-0.076	0.011,-0.077	0.035,-0.069	0.056,-0.054	0.070,-0.032	0.077,-0.008	0.075,0.018	0.065,0.042	0.048,0.061	0.026,0.073	0.000,0.078	-0.025,0.073	-0.048,0.061	-0.065,0.042	-0.075,0.019	-0.077,-0.007	-0.071,-0.032	0.000,0.000	
-0.042,-0.036	-0.028,-0.048	-0.011,-0.055	0.008,-0.055	0.025,-0.049	0.040,-0.038	0.051,-0.023	0.055,-0.005	0.054,0.013	0.047,0.030	0.034,0.044	0.018,0.052	0.000,0.056	-0.018,0.053	-0.034,0.044	-0.047,0.030	-0.054,0.013	-0.055,-0.005	-0.051,-0.023	0.000,0.000	
-0.030,-0.026	-0.020,-0.034	-0.008,-0.039	0.006,-0.039	0.018,-0.035	0.029,-0.028	0.036,-0.017	0.040,-0.004	0.039,0.009	0.034,0.021	0.025,0.031	0.013,0.038	0.000,0.040	-0.013,0.038	-0.024,0.031	-0.033,0.022	-0.039,0.010	-0.040,-0.004	-0.036,-0.016	0.000,0.000	
-0.022,-0.019	-0.014,-0.025	-0.005,-0.028	0.004,-0.028	0.013,-0.025	0.021,-0.020	0.026,-0.012	0.028,-0.003	0.028,0.007	0.024,0.015	0.018,0.022	0.009,0.027	0.000,0.029	-0.009,0.027	-0.018,0.023	-0.024,0.016	-0.028,0.007	-0.028,-0.003	-0.026,-0.012	0.000,0.000	
0.000,0.000	0.000,0.000	0.000,0.000	0.000,0.000	0.000,0.000	0.000,0.000	0.000,0.000	0.000,0.000	0.000,0.000	0.000,0.000	0.000,0.000	0.000,0.000	0.000,0.000	0.000,0.000	0.000,0.000	0.000,0.000	0.000,0.000	0.000,0.000	0.000,0.000	0.000,0.000	
0.000,0.000	0.000,0.000	0.000,0.000	0.000,0.000	0.000,0.000	0.000,0.000	0.000,0.000	0.000,0.000	0.000,0.000	0.000,0.000	0.000,0.000	0.000,0.000	0.000,0.000	0.000,0.000	0.000,0.000	0.000,0.000	0.000,0.000	0.000,0.000	0.000,0.000	0.000,0.000	
0.000,0.000	0.000,0.000	0.000,0.000	0.000,0.000	0.000,0.000	0.000,0.000	0.000,0.000	0.000,0.000	0.000,0.000	0.000,0.000	0.000,0.000	0.000,0.000	0.000,0.000	0.000,0.000	0.000,0.000	0.000,0.000	0.000,0.000	0.000,0.000	0.000,0.000	0.000,0.000	
0.000,0.000	0.000,0.000	0.000,0.000	0.000,0.000	0.000,0.000	0.000,0.000	0.000,0.000	0.000,0.000	0.000,0.000	0.000,0.000	0.000,0.000	0.000,0.000	0.000,0.000	0.000,0.000	0.000,0.000	0.000,0.000	0.000,0.000	0.000,0.000	0.000,0.000	0.000,0.000	
0.000,0.000	0.000,0.000	0.000,0.000	0.000,0.000	0.000,0.000	0.000,0.000	0.000,0.000	0.000,0.000	0.000,0.000	0.000,0.000	0.000,0.000	0.000,0.000	0.000,0.000	0.000,0.000	0.000,0.000	0.000,0.000	0.000,0.000	0.000,0.000	0.000,0.000	0.000,0.000	


-0.565,-0.081	-0.508,-0.262	-0.394,-0.413	-0.238,-0.519	-0.055,-0.569	0.134,-0.555	0.308,-0.481	0.448,-0.354	0.539,-0.188	0.571,-0.002	0.540,0.185	0.450,0.351	0.311,0.479	0.137,0.555	-0.052,0.569	-0.235,0.521	-0.392,0.415	-0.506,0.265	-0.565,0.085	0.000,0.000	
-0.405,-0.058	-0.364,-0.188	-0.283,-0.296	-0.170,-0.372	-0.039,-0.408	0.096,-0.398	0.221,-0.345	0.321,-0.254	0.387,-0.135	0.409,-0.001	0.387,0.133	0.323,0.252	0.223,0.344	0.098,0.398	-0.037,0.408	-0.168,0.373	-0.281,0.298	-0.363,0.190	-0.405,0.061	0.000,0.000	
-0.291,-0.042	-0.261,-0.134	-0.203,-0.212	-0.122,-0.267	-0.028,-0.292	0.069,-0.285	0.158,-0.247	0.230,-0.182	0.277,-0.097	0.294,-0.001	0.278,0.095	0.231,0.181	0.160,0.246	0.070,0.285	-0.027,0.292	-0.121,0.268	-0.201,0.214	-0.260,0.136	-0.290,0.044	0.000,0.000	
-0.208,-0.030	-0.187,-0.096	-0.145,-0.152	-0.088,-0.191	-0.020,-0.209	0.049,-0.205	0.113,-0.177	0.165,-0.130	0.199,-0.069	0.210,-0.001	0.199,0.068	0.166,0.129	0.114,0.177	0.050,0.204	-0.019,0.210	-0.086,0.192	-0.144,0.153	-0.186,0.097	-0.208,0.031	0.000,0.000	
-0.149,-0.021	-0.134,-0.069	-0.104,-0.109	-0.063,-0.137	-0.015,-0.150	0.035,-0.147	0.081,-0.127	0.118,-0.094	0.142,-0.050	0.151,-0.000	0.143,0.049	0.119,0.093	0.082,0.127	0.036,0.146	-0.014,0.150	-0.062,0.138	-0.104,0.110	-0.134,0.070	-0.149,0.022	0.000,0.000	
-0.107,-0.015	-0.096,-0.050	-0.075,-0.078	-0.045,-0.098	-0.010,-0.108	0.025,-0.105	0.058,-0.091	0.085,-0.067	0.102,-0.036	0.108,-0.000	0.102,0.035	0.085,0.067	0.059,0.091	0.026,0.105	-0.010,0.108	-0.044,0.099	-0.074,0.079	-0.096,0.050	-0.107,0.016	0.000,0.000	
-0.077,-0.011	-0.069,-0.035	-0.054,-0.056	-0.032,-0.070	-0.007,-0.077	0.018,-0.075	0.042,-0.065	0.061,-0.048	0.073,-0.026	0.078,-0.000	0.073,0.025	0.061,0.048	0.042,0.065	0.019,0.075	-0.007,0.077	-0.032,0.071	-0.053,0.056	-0.069,0.036	-0.077,0.011	0.000,0.000	
-0.055,-0.008	-0.049,-0.025	-0.038,-0.040	-0.023,-0.051	-0.005,-0.055	0.013,-0.054	0.030,-0.047	0.044,-0.034	0.052,-0.018	0.056,-0.000	0.053,0.018	0.044,0.034	0.030,0.047	0.013,0.054	-0.005,0.055	-0.023,0.051	-0.038,0.040	-0.049,0.026	-0.055,0.008	0.000,0.000	
-0.039,-0.006	-0.035,-0.018	-0.028,-0.029	-0.017,-0.036	-0.004,-0.040	0.009,-0.039	0.021,-0.034	0.031,-0.025	0.038,-0.013	0.040,-0.000	0.038,0.013	0.031,0.025	0.022,0.033	0.010,0.039	-0.004,0.040	-0.016,0.036	-0.027,0.029	-0.035,0.018	-0.039,0.006	0.000,0.000	
-0.028,-0.004	-0.025,-0.013	-0.020,-0.021	-0.012,-0.026	-0.003,-0.028	0.007,-0.028	0.015,-0.024	0.022,-0.018	0.027,-0.009	0.029,-0.000	0.027,0.009	0.023,0.018	0.016,0.024	0.007,0.028	-0.003,0.028	-0.012,0.026	-0.020,0.021	-0.025,0.013	-0.028,0.004	0.000,0.000	
0.000,0.000	0.000,0.000	0.000,0.000	0.000,0.000	0.000,0.000	0.000,0.000	0.000,0.000	0.000,0.000	0.000,0.000	0.000,0.000	0.000,0.000	0.000,0.000	0.000,0.000	0.000,0.000	0.000,0.000	0.000,0.000	0.000,0.000	0.000,0.000	0.000,0.000	0.000,0.000	
0.000,0.000	0.000,0.000	0.000,0.000	0.000,0.000	0.000,0.000	0.000,0.000	0.000,0.000	0.000,0.000	0.000,0.000	0.000,0.000	0.000,0.000	0.000,0.000	0.000,0.000	0.000,0.000	0.000,0.000	0.000,0.000	0.000,0.000	0.000,0.000	0.000,0.000	0.000,0.000	
0.000,0.000	0.000,0.000	0.000,0.000	0.000,0.000	0.000,0.000	0.000,0.000	0.000,0.000	0.000,0.000	0.000,0.000	0.000,0.000	0.000,0.000	0.000,0.000	0.000,0.000	0.000,0.000	0.000,0.000	0.000,0.000	0.000,0.000	0.000,0.000	0.000,0.000	0.000,0.000	
0.000,0.000	0.000,0.000	0.000,0.000	0.000,0.000	0.000,0.000	0.000,0.000	0.000,0.000	0.000,0.000	0.000,0.000	0.000,0.000	0.000,0.000	0.000,0.000	0.000,0.000	0.000,0.000	0.000,0.000	0.000,0.000	0.000,0.000	0.000,0.000	0.000,0.000	0.000,0.000	
0.000,0.000	0.000,0.000	0.000,0.000	0.000,0.000	0.000,0.000	0.000,0.000	0.000,0.000	0.000,0.000	0.000,0.000	0.000,0.000	0.000,0.000	0.000,0.000	0.000,0.000	0.000,0.000	0.000,0.000	0.000,0.000	0.000,0.000	0.000,0.000	0.000,0.000	0.000,0.000	


-0.520,0.237	-0.569,0.054	-0.555,-0.134	-0.481,-0.308	-0.354,-0.449	-0.188,-0.539	-0.001,-0.571	0.186,-0.540	0.352,-0.450	0.480,-0.310	0.555,-0.137	0.569,0.052	0.521,0.235	0.415,0.392	0.264,0.506	0.084,0.565	-0.105,0.561	-0.283,0.496	-0.429,0.377	0.000,0.000	
-0.372,0.170	-0.408,0.039	-0.398,-0.096	-0.345,-0.221	-0.254,-0.322	-0.135,-0.387	-0.001,-0.409	0.133,-0.387	0.252,-0.323	0.344,-0.222	0.398,-0.098	0.408,0.037	0.373,0.169	0.298,0.281	0.189,0.363	0.060,0.405	-0.075,0.402	-0.203,0.356	-0.308,0.270	0.000,0.000	
-0.267,0.122	-0.292,0.028	-0.285,-0.069	-0.247,-0.158	-0.182,-0.230	-0.096,-0.277	-0.001,-0.294	0.095,-0.278	0.181,-0.231	0.246,-0.159	0.285,-0.070	0.292,0.027	0.267,0.121	0.213,0.202	0.136,0.260	0.043,0.290	-0.054,0.289	-0.145,0.255	-0.221,0.194	0.000,0.000	
-0.191,0.087	-0.209,0.020	-0.205,-0.049	-0.177,-0.114	-0.130,-0.165	-0.069,-0.199	-0.000,-0.210	0.068,-0.199	0.130,-0.166	0.177,-0.114	0.204,-0.050	0.210,0.019	0.192,0.087	0.153,0.145	0.097,0.187	0.031,0.208	-0.039,0.207	-0.104,0.183	-0.158,0.139	0.000,0.000	
-0.137,0.063	-0.150,0.014	-0.147,-0.035	-0.127,-0.081	-0.093,-0.118	-0.050,-0.142	-0.000,-0.151	0.049,-0.143	0.093,-0.119	0.127,-0.082	0.146,-0.036	0.150,0.014	0.137,0.062	0.110,0.104	0.070,0.134	0.022,0.149	-0.028,0.148	-0.075,0.131	-0.113,0.099	0.000,0.000	
-0.098,0.045	-0.108,0.010	-0.105,-0.025	-0.091,-0.058	-0.067,-0.085	-0.036,-0.102	-0.000,-0.108	0.035,-0.102	0.067,-0.085	0.091,-0.059	0.105,-0.026	0.108,0.010	0.099,0.045	0.079,0.074	0.050,0.096	0.016,0.107	-0.020,0.106	-0.054,0.094	-0.081,0.071	0.000,0.000	
-0.071,0.032	-0.077,0.007	-0.075,-0.018	-0.065,-0.042	-0.048,-0.061	-0.025,-0.073	-0.000,-0.078	0.025,-0.073	0.048,-0.061	0.065,-0.042	0.075,-0.019	0.077,0.007	0.071,0.032	0.056,0.053	0.036,0.069	0.011,0.077	-0.014,0.076	-0.038,0.067	-0.058,0.051	0.000,0.000	
-0.051,0.023	-0.055,0.005	-0.054,-0.013	-0.047,-0.030	-0.034,-0.044	-0.018,-0.052	-0.000,-0.056	0.018,-0.053	0.034,-0.044	0.047,-0.030	0.054,-0.013	0.055,0.005	0.051,0.023	0.040,0.038	0.026,0.049	0.008,0.055	-0.010,0.055	-0.028,0.048	-0.042,0.037	0.000,0.000	
-0.036,0.017	-0.040,0.004	-0.039,-0.009	-0.034,-0.022	-0.025,-0.031	-0.013,-0.038	-0.000,-0.040	0.013,-0.038	0.025,-0.031	0.033,-0.022	0.039,-0.010	0.040,0.004	0.036,0.016	0.029,0.027	0.018,0.035	0.006,0.039	-0.007,0.039	-0.020,0.035	-0.030,0.026	0.000,0.000	
-0.026,0.012	-0.028,0.003	-0.028,-0.007	-0.024,-0.015	-0.018,-0.022	-0.009,-0.027	-0.000,-0.029	0.009,-0.027	0.018,-0.022	0.024,-0.016	0.028,-0.007	0.028,0.003	0.026,0.012	0.021,0.020	0.013,0.025	0.004,0.028	-0.005,0.028	-0.014,0.025	-0.021,0.019	0.000,0.000	
0.000,0.000	0.000,0.000	0.000,0.000	0.000,0.000	0.000,0.000	0.000,0.000	0.000,0.000	0.000,0.000	0.000,0.000	0.000,0.000	0.000,0.000	0.000,0.000	0.000,0.000	0.000,0.000	0.000,0.000	0.000,0.000	0.000,0.000	0.000,0.000	0.000,0.000	0.000,0.000	
0.000,0.000	0.000,0.000	0.000,0.000	0.000,0.000	0.000,0.000	0.000,0.000	0.000,0.000	0.000,0.000	0.000,0.000	0.000,0.000	0.000,0.000	0.000,0.000	0.000,0.000	0.000,0.000	0.000,0.000	0.000,0.000	0.000,0.000	0.000,0.000	0.000,0.000	0.000,0.000	
0.000,0.000	0.000,0.000	0.000,0.000	0.000,0.000	0.000,0.000	0.000,0.000	0.000,0.000	0.000,0.000	0.000,0.000	0.000,0.000	0.000,0.000	0.000,0.000	0.000,0.000	0.000,0.000	0.000,0.000	0.000,0.000	0.000,0.000	0.000,0.000	0.000,0.000	0.000,0.000	
0.000,0.000	0.000,0.000	0.000,0.000	0.000,0.000	0.000,0.000	0.000,0.000	0.000,0.000	0.000,0.000	0.000,0.000	0.000,0.000	0.000,0.000	0.000,0.000	0.000,0.000	0.000,0.000	0.000,0.000	0.000,0.000	0.000,0.000	0.000,0.000	0.000,0.000	0.000,0.000	
0.000,0.000	0.000,0.000	0.000,0.000	0.000,0.000	0.000,0.000	0.000,0.000	0.000,0.000	0.000,0.000	0.000,0.000	0.000,0.000	0.000,0.000	0.000,0.000	0.000,0.000	0.000,0.000	0.000,0.000	0.000,0.000	0.000,0.000	0.000,0.000	0.000,0.000	0.000,0.000	


-0.309,0.481	-0.449,0.353	-0.540,0.187	-0.571,0.001	-0.540,-0.186	-0.450,-0.352	-0.310,-0.480	-0.136,-0.555	0.053,-0.569	0.236,-0.520	0.393,-0.415	0.507,-0.264	0.565,-0.084	0.561,0.106	0.496,0.283	0.376,0.430	0.215,0.529	0.030,0.570	-0.158,0.549	0.000,0.000	
-0.221,0.344	-0.322,0.253	-0.387,0.134	-0.409,0.000	-0.387,-0.133	-0.322,-0.253	-0.222,-0.344	-0.097,-0.398	0.038,-0.408	0.169,-0.373	0.282,-0.297	0.363,-0.189	0.405,-0.060	0.402,0.076	0.356,0.203	0.270,0.308	0.154,0.379	0.022,0.409	-0.113,0.394	0.000,0.000	
-0.159,0.247	-0.231,0.182	-0.277,0.096	-0.294,0.000	-0.278,-0.096	-0.231,-0.181	-0.159,-0.247	-0.070,-0.285	0.027,-0.292	0.121,-0.267	0.202,-0.213	0.260,-0.135	0.290,-0.043	0.288,0.054	0.255,0.146	0.193,0.221	0.111,0.272	0.016,0.293	-0.081,0.282	0.000,0.000	
-0.114,0.177	-0.165,0.130	-0.199,0.069	-0.210,0.000	-0.199,-0.069	-0.166,-0.130	-0.114,-0.177	-0.050,-0.204	0.019,-0.210	0.087,-0.192	0.145,-0.153	0.187,-0.097	0.208,-0.031	0.207,0.039	0.183,0.104	0.139,0.158	0.079,0.195	0.011,0.210	-0.058,0.202	0.000,0.000	
-0.082,0.127	-0.119,0.093	-0.143,0.049	-0.151,0.000	-0.143,-0.049	-0.119,-0.093	-0.082,-0.127	-0.036,-0.147	0.014,-0.150	0.062,-0.137	0.104,-0.110	0.134,-0.070	0.149,-0.022	0.148,0.028	0.131,0.075	0.099,0.114	0.057,0.140	0.008,0.151	-0.042,0.145	0.000,0.000	
-0.058,0.091	-0.085,0.067	-0.102,0.035	-0.108,0.000	-0.102,-0.035	-0.085,-0.067	-0.059,-0.091	-0.026,-0.105	0.010,-0.108	0.045,-0.098	0.074,-0.079	0.096,-0.050	0.107,-0.016	0.106,0.020	0.094,0.054	0.071,0.081	0.041,0.100	0.006,0.108	-0.030,0.104	0.000,0.000	
-0.042,0.065	-0.061,0.048	-0.073,0.025	-0.078,0.000	-0.073,-0.025	-0.061,-0.048	-0.042,-0.065	-0.018,-0.075	0.007,-0.077	0.032,-0.071	0.053,-0.056	0.069,-0.036	0.077,-0.011	0.076,0.014	0.067,0.038	0.051,0.058	0.029,0.072	0.004,0.077	-0.021,0.075	0.000,0.000	
-0.030,0.047	-0.044,0.034	-0.053,0.018	-0.056,0.000	-0.053,-0.018	-0.044,-0.034	-0.030,-0.047	-0.013,-0.054	0.005,-0.055	0.023,-0.051	0.038,-0.040	0.049,-0.026	0.055,-0.008	0.055,0.010	0.048,0.028	0.037,0.042	0.021,0.051	0.003,0.055	-0.015,0.053	0.000,0.000	
-0.022,0.034	-0.031,0.025	-0.038,0.013	-0.040,0.000	-0.038,-0.013	-0.031,-0.025	-0.022,-0.033	-0.009,-0.039	0.004,-0.040	0.016,-0.036	0.027,-0.029	0.035,-0.018	0.039,-0.006	0.039,0.007	0.035,0.020	0.026,0.030	0.015,0.037	0.002,0.040	-0.011,0.038	0.000,0.000	
-0.015,0.024	-0.022,0.018	-0.027,0.009	-0.029,0.000	-0.027,-0.009	-0.022,-0.018	-0.015,-0.024	-0.007,-0.028	0.003,-0.028	0.012,-0.026	0.020,-0.021	0.025,-0.013	0.028,-0.004	0.028,0.005	0.025,0.014	0.019,0.021	0.011,0.026	0.002,0.029	-0.008,0.027	0.000,0.000	
0.000,0.000	0.000,0.000	0.000,0.000	0.000,0.000	0.000,0.000	0.000,0.000	0.000,0.000	0.000,0.000	0.000,0.000	0.000,0.000	0.000,0.000	0.000,0.000	0.000,0.000	0.000,0.000	0.000,0.000	0.000,0.000	0.000,0.000	0.000,0.000	0.000,0.000	0.000,0.000	
0.000,0.000	0.000,0.000	0.000,0.000	0.000,0.000	0.000,0.000	0.000,0.000	0.000,0.000	0.000,0.000	0.000,0.000	0.000,0.000	0.000,0.000	0.000,0.000	0.000,0.000	0.000,0.000	0.000,0.000	0.000,0.000	0.000,0.000	0.000,0.000	0.000,0.000	0.000,0.000	
0.000,0.000	0.000,0.000	0.000,0.000	0.000,0.000	0.000,0.000	0.000,0.000	0.000,0.000	0.000,0.000	0.000,0.000	0.000,0.000	0.000,0.000	0.000,0.000	0.000,0.000	0.000,0.000	0.000,0.000	0.000,0.000	0.000,0.000	0.000,0.000	0.000,0.000	0.000,0.000	
0.000,0.000	0.000,0.000	0.000,0.000	0.000,0.000	0.000,0.000	0.000,0.000	0.000,0.000	0.000,0.000	0.000,0.000	0.000,0.000	0.000,0.000	0.000,0.000	0.000,0.000	0.000,0.000	0.000,0.000	0.000,0.000	0.000,0.000	0.000,0.000	0.000,0.000	0.000,0.000	
0.000,0.000	0.000,0.000	0.000,0.000	0.000,0.000	0.000,0.000	0.000,0.000	0.000,0.000	0.000,0.000	0.000,0.000	0.000,0.000	0.000,0.000	0.000,0.000	0.000,0.000	0.000,0.000	0.000,0.000	0.000,0.000	0.000,0.000	0.000,0.000	0.000,0.000	0.000,0.000	


