0.000,0.524	-0.145,0.503	-0.278,0.444	-0.390,0.350	-0.471,0.229	-0.516,0.090	-0.521,-0.056	-0.485,-0.198	-0.411,-0.324	-0.306,-0.425	-0.177,-0.493	-0.034,-0.522	0.112,-0.512	0.248,-0.461	0.366,-0.374	0.455,-0.259	0.509,-0.123	0.523,0.022	0.497,0.166	0.432,0.296	0.333,0.404	0.208,0.480	0.068,0.519	0.000,0.000	
0.000,0.396	-0.109,0.380	-0.210,0.336	-0.295,0.264	-0.356,0.173	-0.390,0.068	-0.394,-0.042	-0.367,-0.149	-0.311,-0.245	-0.231,-0.321	-0.134,-0.373	-0.026,-0.395	0.084,-0.387	0.188,-0.348	0.277,-0.283	0.344,-0.196	0.385,-0.093	0.395,0.017	0.375,0.125	0.326,0.224	0.252,0.305	0.158,0.363	0.051,0.393	0.000,0.000	
0.000,0.299	-0.083,0.288	-0.159,0.254	-0.223,0.200	-0.269,0.131	-0.295,0.051	-0.298,-0.032	-0.277,-0.113	-0.235,-0.185	-0.175,-0.243	-0.101,-0.282	-0.019,-0.299	0.064,-0.292	0.142,-0.263	0.209,-0.214	0.260,-0.148	0.291,-0.070	0.299,0.013	0.284,0.095	0.247,0.169	0.190,0.231	0.119,0.275	0.039,0.297	0.000,0.000	
0.000,0.226	-0.062,0.217	-0.120,0.192	-0.168,0.151	-0.204,0.099	-0.223,0.039	-0.225,-0.024	-0.210,-0.085	-0.178,-0.140	-0.132,-0.184	-0.076,-0.213	-0.015,-0.226	0.048,-0.221	0.107,-0.199	0.158,-0.162	0.197,-0.112	0.220,-0.053	0.226,0.010	0.215,0.072	0.186,0.128	0.144,0.175	0.090,0.208	0.029,0.224	0.000,0.000	
0.000,0.171	-0.047,0.164	-0.091,0.145	-0.127,0.114	-0.154,0.075	-0.169,0.029	-0.170,-0.018	-0.158,-0.065	-0.134,-0.106	-0.100,-0.139	-0.058,-0.161	-0.011,-0.171	0.036,-0.167	0.081,-0.151	0.120,-0.122	0.149,-0.085	0.166,-0.040	0.171,0.007	0.162,0.054	0.141,0.097	0.109,0.132	0.068,0.157	0.022,0.170	0.000,0.000	
0.000,0.129	-0.036,0.124	-0.069,0.110	-0.096,0.086	-0.116,0.056	-0.127,0.022	-0.129,-0.014	-0.120,-0.049	-0.102,-0.080	-0.076,-0.105	-0.044,-0.122	-0.008,-0.129	0.028,-0.126	0.061,-0.114	0.090,-0.092	0.112,-0.064	0.126,-0.030	0.129,0.005	0.123,0.041	0.107,0.073	0.082,0.100	0.051,0.119	0.017,0.128	0.000,0.000	
0.000,0.098	-0.027,0.094	-0.052,0.083	-0.073,0.065	-0.088,0.043	-0.096,0.017	-0.097,-0.010	-0.091,-0.037	-0.077,-0.060	-0.057,-0.079	-0.033,-0.092	-0.006,-0.098	0.021,-0.096	0.046,-0.086	0.068,-0.070	0.085,-0.048	0.095,-0.023	0.098,0.004	0.093,0.031	0.081,0.055	0.062,0.075	0.039,0.090	0.013,0.097	0.000,0.000	
0.000,0.074	-0.020,0.071	-0.039,0.063	-0.055,0.049	-0.066,0.032	-0.073,0.013	-0.073,-0.008	-0.068,-0.028	-0.058,-0.046	-0.043,-0.060	-0.025,-0.070	-0.005,-0.074	0.016,-0.072	0.035,-0.065	0.052,-0.053	0.064,-0.037	0.072,-0.017	0.074,0.003	0.070,0.023	0.061,0.042	0.047,0.057	0.029,0.068	0.010,0.073	0.000,0.000	
0.000,0.056	-0.015,0.054	-0.030,0.047	-0.042,0.037	-0.050,0.024	-0.055,0.010	-0.056,-0.006	-0.052,-0.021	-0.044,-0.035	-0.033,-0.045	-0.019,-0.053	-0.004,-0.056	0.012,-0.055	0.027,-0.049	0.039,-0.040	0.049,-0.028	0.054,-0.013	0.056,0.002	0.053,0.018	0.046,0.032	0.036,0.043	0.022,0.051	0.007,0.055	0.000,0.000	
0.000,0.042	-0.012,0.041	-0.022,0.036	-0.031,0.028	-0.038,0.018	-0.042,0.007	-0.042,-0.005	-0.039,-0.016	-0.033,-0.026	-0.025,-0.034	-0.014,-0.040	-0.003,-0.042	0.009,-0.041	0.020,-0.037	0.030,-0.030	0.037,-0.021	0.041,-0.010	0.042,0.002	0.040,0.013	0.035,0.024	0.027,0.033	0.017,0.039	0.005,0.042	0.000,0.000	
0.000,0.032	-0.009,0.031	-0.017,0.027	-0.024,0.021	-0.029,0.014	-0.031,0.005	-0.032,-0.003	-0.030,-0.012	-0.025,-0.020	-0.019,-0.026	-0.011,-0.030	-0.002,-0.032	0.007,-0.031	0.015,-0.028	0.022,-0.023	0.028,-0.016	0.031,-0.008	0.032,0.001	0.030,0.010	0.026,0.018	0.020,0.025	0.013,0.029	0.004,0.032	0.000,0.000	
0.000,0.024	-0.007,0.023	-0.013,0.020	-0.018,0.016	-0.022,0.011	-0.024,0.004	-0.024,-0.003	-0.022,-0.009	-0.019,-0.015	-0.014,-0.020	-0.008,-0.023	-0.002,-0.024	0.005,-0.024	0.011,-0.021	0.017,-0.017	0.021,-0.012	0.023,-0.006	0.024,0.001	0.023,0.008	0.020,0.014	0.015,0.019	0.010,0.022	0.003,0.024	0.000,0.000	
0.000,0.000	0.000,0.000	0.000,0.000	0.000,0.000	0.000,0.000	0.000,0.000	0.000,0.000	0.000,0.000	0.000,0.000	0.000,0.000	0.000,0.000	0.000,0.000	0.000,0.000	0.000,0.000	0.000,0.000	0.000,0.000	0.000,0.000	0.000,0.000	0.000,0.000	0.000,0.000	0.000,0.000	0.000,0.000	0.000,0.000	0.000,0.000	
0.000,0.000	0.000,0.000	0.000,0.000	0.000,0.000	0.000,0.000	0.000,0.000	0.000,0.000	0.000,0.000	0.000,0.000	0.000,0.000	0.000,0.000	0.000,0.000	0.000,0.000	0.000,0.000	0.000,0.000	0.000,0.000	0.000,0.000	0.000,0.000	0.000,0.000	0.000,0.000	0.000,0.000	0.000,0.000	0.000,0.000	0.000,0.000	
0.000,0.000	0.000,0.000	0.000,0.000	0.000,0.000	0.000,0.000	0.000,0.000	0.000,0.000	0.000,0.000	0.000,0.000	0.000,0.000	0.000,0.000	0.000,0.000	0.000,0.000	0.000,0.000	0.000,0.000	0.000,0.000	0.000,0.000	0.000,0.000	0.000,0.000	0.000,0.000	0.000,0.000	0.000,0.000	0.000,0.000	0.000,0.000	


0.262,0.453	0.126,0.508	-0.019,0.523	-0.162,0.498	-0.294,0.434	-0.402,0.336	-0.479,0.212	-0.519,0.071	-0.518,-0.075	-0.477,-0.215	-0.400,-0.338	-0.291,-0.436	-0.159,-0.499	-0.015,-0.523	0.130,-0.507	0.265,-0.452	0.379,-0.361	0.464,-0.242	0.513,-0.105	0.522,0.041	0.490,0.183	0.421,0.312	0.318,0.416	0.000,0.000	
0.198,0.343	0.096,0.384	-0.014,0.396	-0.123,0.376	-0.222,0.328	-0.304,0.254	-0.362,0.160	-0.392,0.054	-0.392,-0.056	-0.361,-0.162	-0.302,-0.256	-0.220,-0.329	-0.120,-0.377	-0.012,-0.396	0.098,-0.383	0.200,-0.341	0.287,-0.273	0.351,-0.183	0.388,-0.079	0.395,0.031	0.371,0.139	0.318,0.236	0.241,0.314	0.000,0.000	
0.150,0.259	0.072,0.290	-0.011,0.299	-0.093,0.284	-0.168,0.248	-0.230,0.192	-0.274,0.121	-0.296,0.041	-0.296,-0.043	-0.273,-0.123	-0.228,-0.193	-0.166,-0.249	-0.091,-0.285	-0.009,-0.299	0.074,-0.290	0.151,-0.258	0.217,-0.206	0.265,-0.138	0.293,-0.060	0.298,0.023	0.280,0.105	0.240,0.178	0.182,0.238	0.000,0.000	
0.113,0.196	0.055,0.220	-0.008,0.226	-0.070,0.215	-0.127,0.187	-0.174,0.145	-0.207,0.091	-0.224,0.031	-0.224,-0.032	-0.206,-0.093	-0.173,-0.146	-0.126,-0.188	-0.069,-0.216	-0.007,-0.226	0.056,-0.219	0.114,-0.195	0.164,-0.156	0.201,-0.105	0.222,-0.045	0.226,0.018	0.212,0.079	0.182,0.135	0.138,0.180	0.000,0.000	
0.086,0.148	0.041,0.166	-0.006,0.171	-0.053,0.163	-0.096,0.142	-0.131,0.110	-0.156,0.069	-0.169,0.023	-0.169,-0.024	-0.156,-0.070	-0.131,-0.111	-0.095,-0.142	-0.052,-0.163	-0.005,-0.171	0.042,-0.166	0.087,-0.148	0.124,-0.118	0.152,-0.079	0.168,-0.034	0.171,0.013	0.160,0.060	0.137,0.102	0.104,0.136	0.000,0.000	
0.065,0.112	0.031,0.125	-0.005,0.129	-0.040,0.123	-0.073,0.107	-0.099,0.083	-0.118,0.052	-0.128,0.018	-0.128,-0.018	-0.118,-0.053	-0.099,-0.084	-0.072,-0.108	-0.039,-0.123	-0.004,-0.129	0.032,-0.125	0.065,-0.112	0.094,-0.089	0.115,-0.060	0.127,-0.026	0.129,0.010	0.121,0.045	0.104,0.077	0.079,0.103	0.000,0.000	
0.049,0.085	0.024,0.095	-0.003,0.098	-0.030,0.093	-0.055,0.081	-0.075,0.063	-0.089,0.040	-0.097,0.013	-0.097,-0.014	-0.089,-0.040	-0.075,-0.063	-0.054,-0.081	-0.030,-0.093	-0.003,-0.098	0.024,-0.095	0.049,-0.084	0.071,-0.067	0.087,-0.045	0.096,-0.020	0.097,0.008	0.092,0.034	0.079,0.058	0.059,0.078	0.000,0.000	
0.037,0.064	0.018,0.072	-0.003,0.074	-0.023,0.070	-0.041,0.061	-0.057,0.047	-0.068,0.030	-0.073,0.010	-0.073,-0.011	-0.067,-0.030	-0.056,-0.048	-0.041,-0.061	-0.022,-0.070	-0.002,-0.074	0.018,-0.072	0.037,-0.064	0.054,-0.051	0.066,-0.034	0.072,-0.015	0.074,0.006	0.069,0.026	0.059,0.044	0.045,0.059	0.000,0.000	
0.028,0.048	0.013,0.054	-0.002,0.056	-0.017,0.053	-0.031,0.046	-0.043,0.036	-0.051,0.023	-0.055,0.008	-0.055,-0.008	-0.051,-0.023	-0.043,-0.036	-0.031,-0.046	-0.017,-0.053	-0.002,-0.056	0.014,-0.054	0.028,-0.048	0.040,-0.039	0.050,-0.026	0.055,-0.011	0.056,0.004	0.052,0.020	0.045,0.033	0.034,0.044	0.000,0.000	
0.021,0.037	0.010,0.041	-0.002,0.042	-0.013,0.040	-0.024,0.035	-0.032,0.027	-0.039,0.017	-0.042,0.006	-0.042,-0.006	-0.039,-0.017	-0.032,-0.027	-0.023,-0.035	-0.013,-0.040	-0.001,-0.042	0.010,-0.041	0.021,-0.036	0.031,-0.029	0.037,-0.020	0.041,-0.008	0.042,0.003	0.040,0.015	0.034,0.025	0.026,0.034	0.000,0.000	
0.016,0.028	0.008,0.031	-0.001,0.032	-0.010,0.030	-0.018,0.026	-0.025,0.020	-0.029,0.013	-0.032,0.004	-0.032,-0.005	-0.029,-0.013	-0.024,-0.021	-0.018,-0.027	-0.010,-0.030	-0.001,-0.032	0.008,-0.031	0.016,-0.028	0.023,-0.022	0.028,-0.015	0.031,-0.006	0.032,0.002	0.030,0.011	0.026,0.019	0.019,0.025	0.000,0.000	
0.012,0.021	0.006,0.023	-0.001,0.024	-0.007,0.023	-0.014,0.020	-0.019,0.015	-0.022,0.010	-0.024,0.003	-0.024,-0.003	-0.022,-0.010	-0.018,-0.016	-0.013,-0.020	-0.007,-0.023	-0.001,-0.024	0.006,-0.023	0.012,-0.021	0.017,-0.017	0.021,-0.011	0.024,-0.005	0.024,0.002	0.023,0.008	0.019,0.014	0.015,0.019	0.000,0.000	
0.000,0.000	0.000,0.000	0.000,0.000	0.000,0.000	0.000,0.000	0.000,0.000	0.000,0.000	0.000,0.000	0.000,0.000	0.000,0.000	0.000,0.000	0.000,0.000	0.000,0.000	0.000,0.000	0.000,0.000	0.000,0.000	0.000,0.000	0.000,0.000	0.000,0.000	0.000,0.000	0.000,0.000	0.000,0.000	0.000,0.000	0.000,0.000	
0.000,0.000	0.000,0.000	0.000,0.000	0.000,0.000	0.000,0.000	0.000,0.000	0.000,0.000	0.000,0.000	0.000,0.000	0.000,0.000	0.000,0.000	0.000,0.000	0.000,0.000	0.000,0.000	0.000,0.000	0.000,0.000	0.000,0.000	0.000,0.000	0.000,0.000	0.000,0.000	0.000,0.000	0.000,0.000	0.000,0.000	0.000,0.000	
0.000,0.000	0.000,0.000	0.000,0.000	0.000,0.000	0.000,0.000	0.000,0.000	0.000,0.000	0.000,0.000	0.000,0.000	0.000,0.000	0.000,0.000	0.000,0.000	0.000,0.000	0.000,0.000	0.000,0.000	0.000,0.000	0.000,0.000	0.000,0.000	0.000,0.000	0.000,0.000	0.000,0.000	0.000,0.000	0.000,0.000	0.000,0.000	


0.453,0.262	0.364,0.377	0.245,0.463	0.108,0.512	-0.037,0.522	-0.180,0.492	-0.309,0.423	-0.414,0.321	-0.486,0.194	-0.521,0.053	-0.515,-0.093	-0.469,-0.232	-0.387,-0.352	-0.275,-0.446	-0.141,-0.504	0.004,-0.524	0.148,-0.502	0.281,-0.442	0.392,-0.347	0.473,-0.226	0.516,-0.086	0.520,0.060	0.484,0.201	0.000,0.000	
0.343,0.198	0.275,0.285	0.186,0.350	0.082,0.387	-0.028,0.395	-0.136,0.372	-0.234,0.320	-0.313,0.243	-0.368,0.147	-0.394,0.040	-0.390,-0.070	-0.355,-0.175	-0.293,-0.266	-0.208,-0.337	-0.107,-0.381	0.003,-0.396	0.112,-0.380	0.212,-0.334	0.296,-0.262	0.357,-0.170	0.390,-0.065	0.393,0.045	0.366,0.152	0.000,0.000	
0.259,0.150	0.208,0.215	0.140,0.264	0.062,0.293	-0.021,0.298	-0.103,0.281	-0.177,0.242	-0.236,0.184	-0.278,0.111	-0.298,0.030	-0.294,-0.053	-0.268,-0.133	-0.221,-0.201	-0.157,-0.255	-0.081,-0.288	0.002,-0.299	0.085,-0.287	0.161,-0.253	0.224,-0.198	0.270,-0.129	0.295,-0.049	0.297,0.034	0.276,0.115	0.000,0.000	
0.196,0.113	0.157,0.163	0.106,0.200	0.047,0.221	-0.016,0.226	-0.078,0.212	-0.133,0.183	-0.179,0.139	-0.210,0.084	-0.225,0.023	-0.223,-0.040	-0.203,-0.100	-0.167,-0.152	-0.119,-0.193	-0.061,-0.218	0.002,-0.226	0.064,-0.217	0.121,-0.191	0.169,-0.150	0.204,-0.097	0.223,-0.037	0.225,0.026	0.209,0.087	0.000,0.000	
0.148,0.086	0.119,0.123	0.080,0.151	0.035,0.167	-0.012,0.171	-0.059,0.161	-0.101,0.138	-0.135,0.105	-0.159,0.064	-0.170,0.017	-0.168,-0.030	-0.153,-0.076	-0.126,-0.115	-0.090,-0.146	-0.046,-0.165	0.001,-0.171	0.048,-0.164	0.092,-0.144	0.128,-0.113	0.154,-0.074	0.169,-0.028	0.170,0.019	0.158,0.066	0.000,0.000	
0.112,0.065	0.090,0.093	0.061,0.114	0.027,0.127	-0.009,0.129	-0.044,0.121	-0.076,0.104	-0.102,0.079	-0.120,0.048	-0.129,0.013	-0.127,-0.023	-0.116,-0.057	-0.096,-0.087	-0.068,-0.110	-0.035,-0.125	0.001,-0.129	0.037,-0.124	0.069,-0.109	0.097,-0.086	0.117,-0.056	0.128,-0.021	0.128,0.015	0.119,0.050	0.000,0.000	
0.085,0.049	0.068,0.070	0.046,0.086	0.020,0.096	-0.007,0.098	-0.034,0.092	-0.058,0.079	-0.077,0.060	-0.091,0.036	-0.097,0.010	-0.096,-0.017	-0.088,-0.043	-0.072,-0.066	-0.051,-0.083	-0.026,-0.094	0.001,-0.098	0.028,-0.094	0.052,-0.083	0.073,-0.065	0.088,-0.042	0.096,-0.016	0.097,0.011	0.090,0.038	0.000,0.000	
0.064,0.037	0.051,0.053	0.035,0.065	0.015,0.072	-0.005,0.074	-0.025,0.069	-0.044,0.060	-0.058,0.045	-0.069,0.027	-0.074,0.007	-0.073,-0.013	-0.066,-0.033	-0.055,-0.050	-0.039,-0.063	-0.020,-0.071	0.000,-0.074	0.021,-0.071	0.040,-0.062	0.055,-0.049	0.067,-0.032	0.073,-0.012	0.073,0.008	0.068,0.028	0.000,0.000	
0.048,0.028	0.039,0.040	0.026,0.049	0.012,0.055	-0.004,0.056	-0.019,0.052	-0.033,0.045	-0.044,0.034	-0.052,0.021	-0.056,0.006	-0.055,-0.010	-0.050,-0.025	-0.041,-0.038	-0.029,-0.048	-0.015,-0.054	0.000,-0.056	0.016,-0.054	0.030,-0.047	0.042,-0.037	0.050,-0.024	0.055,-0.009	0.056,0.006	0.052,0.021	0.000,0.000	
0.037,0.021	0.029,0.030	0.020,0.037	0.009,0.041	-0.003,0.042	-0.015,0.040	-0.025,0.034	-0.033,0.026	-0.039,0.016	-0.042,0.004	-0.042,-0.008	-0.038,-0.019	-0.031,-0.028	-0.022,-0.036	-0.011,-0.041	0.000,-0.042	0.012,-0.041	0.023,-0.036	0.032,-0.028	0.038,-0.018	0.042,-0.007	0.042,0.005	0.039,0.016	0.000,0.000	
0.028,0.016	0.022,0.023	0.015,0.028	0.007,0.031	-0.002,0.032	-0.011,0.030	-0.019,0.026	-0.025,0.020	-0.030,0.012	-0.032,0.003	-0.031,-0.006	-0.029,-0.014	-0.024,-0.021	-0.017,-0.027	-0.009,-0.031	0.000,-0.032	0.009,-0.031	0.017,-0.027	0.024,-0.021	0.029,-0.014	0.031,-0.005	0.032,0.004	0.029,0.012	0.000,0.000	
0.021,0.012	0.017,0.017	0.011,0.021	0.005,0.024	-0.002,0.024	-0.008,0.023	-0.014,0.019	-0.019,0.015	-0.022,0.009	-0.024,0.002	-0.024,-0.004	-0.022,-0.011	-0.018,-0.016	-0.013,-0.021	-0.007,-0.023	0.000,-0.024	0.007,-0.023	0.013,-0.020	0.018,-0.016	0.022,-0.010	0.024,-0.004	0.024,0.003	0.022,0.009	0.000,0.000	
0.000,0.000	0.000,0.000	0.000,0.000	0.000,0.000	0.000,0.000	0.000,0.000	0.000,0.000	0.000,0.000	0.000,0.000	0.000,0.000	0.000,0.000	0.000,0.000	0.000,0.000	0.000,0.000	0.000,0.000	0.000,0.000	0.000,0.000	0.000,0.000	0.000,0.000	0.000,0.000	0.000,0.000	0.000,0.000	0.000,0.000	0.000,0.000	
0.000,0.000	0.000,0.000	0.000,0.000	0.000,0.000	0.000,0.000	0.000,0.000	0.000,0.000	0.000,0.000	0.000,0.000	0.000,0.000	0.000,0.000	0.000,0.000	0.000,0.000	0.000,0.000	0.000,0.000	0.000,0.000	0.000,0.000	0.000,0.000	0.000,0.000	0.000,0.000	0.000,0.000	0.000,0.000	0.000,0.000	0.000,0.000	
0.000,0.000	0.000,0.000	0.000,0.000	0.000,0.000	0.000,0.000	0.000,0.000	0.000,0.000	0.000,0.000	0.000,0.000	0.000,0.000	0.000,0.000	0.000,0.000	0.000,0.000	0.000,0.000	0.000,0.000	0.000,0.000	0.000,0.000	0.000,0.000	0.000,0.000	0.000,0.000	0.000,0.000	0.000,0.000	0.000,0.000	0.000,0.000	


0.524,0.000	0.503,0.145	0.444,0.278	0.350,0.390	0.229,0.471	0.090,0.516	-0.056,0.521	-0.198,0.485	-0.324,0.411	-0.425,0.306	-0.493,0.177	-0.522,0.034	-0.512,-0.112	-0.461,-0.248	-0.374,-0.366	-0.259,-0.455	-0.123,-0.509	0.022,-0.523	0.166,-0.497	0.296,-0.432	0.404,-0.333	0.480,-0.208	0.519,-0.068	0.000,0.000	
0.396,0.000	0.380,0.109	0.336,0.210	0.264,0.295	0.173,0.356	0.068,0.390	-0.042,0.394	-0.149,0.367	-0.245,0.311	-0.321,0.231	-0.373,0.134	-0.395,0.026	-0.387,-0.084	-0.348,-0.188	-0.283,-0.277	-0.196,-0.344	-0.093,-0.385	0.017,-0.395	0.125,-0.375	0.224,-0.326	0.305,-0.252	0.363,-0.158	0.393,-0.051	0.000,0.000	
0.299,0.000	0.288,0.083	0.254,0.159	0.200,0.223	0.131,0.269	0.051,0.295	-0.032,0.298	-0.113,0.277	-0.185,0.235	-0.243,0.175	-0.282,0.101	-0.299,0.019	-0.292,-0.064	-0.263,-0.142	-0.214,-0.209	-0.148,-0.260	-0.070,-0.291	0.013,-0.299	0.095,-0.284	0.169,-0.247	0.231,-0.190	0.275,-0.119	0.297,-0.039	0.000,0.000	
0.226,0.000	0.217,0.062	0.192,0.120	0.151,0.168	0.099,0.204	0.039,0.223	-0.024,0.225	-0.085,0.210	-0.140,0.178	-0.184,0.132	-0.213,0.076	-0.226,0.015	-0.221,-0.048	-0.199,-0.107	-0.162,-0.158	-0.112,-0.197	-0.053,-0.220	0.010,-0.226	0.072,-0.215	0.128,-0.186	0.175,-0.144	0.208,-0.090	0.224,-0.029	0.000,0.000	
0.171,0.000	0.164,0.047	0.145,0.091	0.114,0.127	0.075,0.154	0.029,0.169	-0.018,0.170	-0.065,0.158	-0.106,0.134	-0.139,0.100	-0.161,0.058	-0.171,0.011	-0.167,-0.036	-0.151,-0.081	-0.122,-0.120	-0.085,-0.149	-0.040,-0.166	0.007,-0.171	0.054,-0.162	0.097,-0.141	0.132,-0.109	0.157,-0.068	0.170,-0.022	0.000,0.000	
0.129,0.000	0.124,0.036	0.110,0.069	0.086,0.096	0.056,0.116	0.022,0.127	-0.014,0.129	-0.049,0.120	-0.080,0.102	-0.105,0.076	-0.122,0.044	-0.129,0.008	-0.126,-0.028	-0.114,-0.061	-0.092,-0.090	-0.064,-0.112	-0.030,-0.126	0.005,-0.129	0.041,-0.123	0.073,-0.107	0.100,-0.082	0.119,-0.051	0.128,-0.017	0.000,0.000	
0.098,0.000	0.094,0.027	0.083,0.052	0.065,0.073	0.043,0.088	0.017,0.096	-0.010,0.097	-0.037,0.091	-0.060,0.077	-0.079,0.057	-0.092,0.033	-0.098,0.006	-0.096,-0.021	-0.086,-0.046	-0.070,-0.068	-0.048,-0.085	-0.023,-0.095	0.004,-0.098	0.031,-0.093	0.055,-0.081	0.075,-0.062	0.090,-0.039	0.097,-0.013	0.000,0.000	
0.074,0.000	0.071,0.020	0.063,0.039	0.049,0.055	0.032,0.066	0.013,0.073	-0.008,0.073	-0.028,0.068	-0.046,0.058	-0.060,0.043	-0.070,0.025	-0.074,0.005	-0.072,-0.016	-0.065,-0.035	-0.053,-0.052	-0.037,-0.064	-0.017,-0.072	0.003,-0.074	0.023,-0.070	0.042,-0.061	0.057,-0.047	0.068,-0.029	0.073,-0.010	0.000,0.000	
0.056,0.000	0.054,0.015	0.047,0.030	0.037,0.042	0.024,0.050	0.010,0.055	-0.006,0.056	-0.021,0.052	-0.035,0.044	-0.045,0.033	-0.053,0.019	-0.056,0.004	-0.055,-0.012	-0.049,-0.027	-0.040,-0.039	-0.028,-0.049	-0.013,-0.054	0.002,-0.056	0.018,-0.053	0.032,-0.046	0.043,-0.036	0.051,-0.022	0.055,-0.007	0.000,0.000	
0.042,0.000	0.041,0.012	0.036,0.022	0.028,0.031	0.018,0.038	0.007,0.042	-0.005,0.042	-0.016,0.039	-0.026,0.033	-0.034,0.025	-0.040,0.014	-0.042,0.003	-0.041,-0.009	-0.037,-0.020	-0.030,-0.030	-0.021,-0.037	-0.010,-0.041	0.002,-0.042	0.013,-0.040	0.024,-0.035	0.033,-0.027	0.039,-0.017	0.042,-0.005	0.000,0.000	
0.032,0.000	0.031,0.009	0.027,0.017	0.021,0.024	0.014,0.029	0.005,0.031	-0.003,0.032	-0.012,0.030	-0.020,0.025	-0.026,0.019	-0.030,0.011	-0.032,0.002	-0.031,-0.007	-0.028,-0.015	-0.023,-0.022	-0.016,-0.028	-0.008,-0.031	0.001,-0.032	0.010,-0.030	0.018,-0.026	0.025,-0.020	0.029,-0.013	0.032,-0.004	0.000,0.000	
0.024,0.000	0.023,0.007	0.020,0.013	0.016,0.018	0.011,0.022	0.004,0.024	-0.003,0.024	-0.009,0.022	-0.015,0.019	-0.020,0.014	-0.023,0.008	-0.024,0.002	-0.024,-0.005	-0.021,-0.011	-0.017,-0.017	-0.012,-0.021	-0.006,-0.023	0.001,-0.024	0.008,-0.023	0.014,-0.020	0.019,-0.015	0.022,-0.010	0.024,-0.003	0.000,0.000	
0.000,0.000	0.000,0.000	0.000,0.000	0.000,0.000	0.000,0.000	0.000,0.000	0.000,0.000	0.000,0.000	0.000,0.000	0.000,0.000	0.000,0.000	0.000,0.000	0.000,0.000	0.000,0.000	0.000,0.000	0.000,0.000	0.000,0.000	0.000,0.000	0.000,0.000	0.000,0.000	0.000,0.000	0.000,0.000	0.000,0.000	0.000,0.000	
0.000,0.000	0.000,0.000	0.000,0.000	0.000,0.000	0.000,0.000	0.000,0.000	0.000,0.000	0.000,0.000	0.000,0.000	0.000,0.000	0.000,0.000	0.000,0.000	0.000,0.000	0.000,0.000	0.000,0.000	0.000,0.000	0.000,0.000	0.000,0.000	0.000,0.000	0.000,0.000	0.000,0.000	0.000,0.000	0.000,0.000	0.000,0.000	
0.000,0.000	0.000,0.000	0.000,0.000	0.000,0.000	0.000,0.000	0.000,0.000	0.000,0.000	0.000,0.000	0.000,0.000	0.000,0.000	0.000,0.000	0.000,0.000	0.000,0.000	0.000,0.000	0.000,0.000	0.000,0.000	0.000,0.000	0.000,0.000	0.000,0.000	0.000,0.000	0.000,0.000	0.000,0.000	0.000,0.000	0.000,0.000	


0.453,-0.262	0.508,-0.126	0.523,0.019	0.498,0.162	0.434,0.294	0.336,0.402	0.212,0.479	0.071,0.519	-0.075,0.518	-0.215,0.477	-0.338,0.400	-0.436,0.291	-0.499,0.159	-0.523,0.015	-0.507,-0.130	-0.452,-0.265	-0.361,-0.379	-0.242,-0.464	-0.105,-0.513	0.041,-0.522	0.183,-0.490	0.312,-0.421	0.416,-0.318	0.000,0.000	
0.343,-0.198	0.384,-0.096	0.396,0.014	0.376,0.123	0.328,0.222	0.254,0.304	0.160,0.362	0.054,0.392	-0.056,0.392	-0.162,0.361	-0.256,0.302	-0.329,0.220	-0.377,0.120	-0.396,0.012	-0.383,-0.098	-0.341,-0.200	-0.273,-0.287	-0.183,-0.351	-0.079,-0.388	0.031,-0.395	0.139,-0.371	0.236,-0.318	0.314,-0.241	0.000,0.000	
0.259,-0.150	0.290,-0.072	0.299,0.011	0.284,0.093	0.248,0.168	0.192,0.230	0.121,0.274	0.041,0.296	-0.043,0.296	-0.123,0.273	-0.193,0.228	-0.249,0.166	-0.285,0.091	-0.299,0.009	-0.290,-0.074	-0.258,-0.151	-0.206,-0.217	-0.138,-0.265	-0.060,-0.293	0.023,-0.298	0.105,-0.280	0.178,-0.240	0.238,-0.182	0.000,0.000	
0.196,-0.113	0.220,-0.055	0.226,0.008	0.215,0.070	0.187,0.127	0.145,0.174	0.091,0.207	0.031,0.224	-0.032,0.224	-0.093,0.206	-0.146,0.173	-0.188,0.126	-0.216,0.069	-0.226,0.007	-0.219,-0.056	-0.195,-0.114	-0.156,-0.164	-0.105,-0.201	-0.045,-0.222	0.018,-0.226	0.079,-0.212	0.135,-0.182	0.180,-0.138	0.000,0.000	
0.148,-0.086	0.166,-0.041	0.171,0.006	0.163,0.053	0.142,0.096	0.110,0.131	0.069,0.156	0.023,0.169	-0.024,0.169	-0.070,0.156	-0.111,0.131	-0.142,0.095	-0.163,0.052	-0.171,0.005	-0.166,-0.042	-0.148,-0.087	-0.118,-0.124	-0.079,-0.152	-0.034,-0.168	0.013,-0.171	0.060,-0.160	0.102,-0.137	0.136,-0.104	0.000,0.000	
0.112,-0.065	0.125,-0.031	0.129,0.005	0.123,0.040	0.107,0.073	0.083,0.099	0.052,0.118	0.018,0.128	-0.018,0.128	-0.053,0.118	-0.084,0.099	-0.108,0.072	-0.123,0.039	-0.129,0.004	-0.125,-0.032	-0.112,-0.065	-0.089,-0.094	-0.060,-0.115	-0.026,-0.127	0.010,-0.129	0.045,-0.121	0.077,-0.104	0.103,-0.079	0.000,0.000	
0.085,-0.049	0.095,-0.024	0.098,0.003	0.093,0.030	0.081,0.055	0.063,0.075	0.040,0.089	0.013,0.097	-0.014,0.097	-0.040,0.089	-0.063,0.075	-0.081,0.054	-0.093,0.030	-0.098,0.003	-0.095,-0.024	-0.084,-0.049	-0.067,-0.071	-0.045,-0.087	-0.020,-0.096	0.008,-0.097	0.034,-0.092	0.058,-0.079	0.078,-0.059	0.000,0.000	
0.064,-0.037	0.072,-0.018	0.074,0.003	0.070,0.023	0.061,0.041	0.047,0.057	0.030,0.068	0.010,0.073	-0.011,0.073	-0.030,0.067	-0.048,0.056	-0.061,0.041	-0.070,0.022	-0.074,0.002	-0.072,-0.018	-0.064,-0.037	-0.051,-0.054	-0.034,-0.066	-0.015,-0.072	0.006,-0.074	0.026,-0.069	0.044,-0.059	0.059,-0.045	0.000,0.000	
0.048,-0.028	0.054,-0.013	0.056,0.002	0.053,0.017	0.046,0.031	0.036,0.043	0.023,0.051	0.008,0.055	-0.008,0.055	-0.023,0.051	-0.036,0.043	-0.046,0.031	-0.053,0.017	-0.056,0.002	-0.054,-0.014	-0.048,-0.028	-0.039,-0.040	-0.026,-0.050	-0.011,-0.055	0.004,-0.056	0.020,-0.052	0.033,-0.045	0.044,-0.034	0.000,0.000	
0.037,-0.021	0.041,-0.010	0.042,0.002	0.040,0.013	0.035,0.024	0.027,0.032	0.017,0.039	0.006,0.042	-0.006,0.042	-0.017,0.039	-0.027,0.032	-0.035,0.023	-0.040,0.013	-0.042,0.001	-0.041,-0.010	-0.036,-0.021	-0.029,-0.031	-0.020,-0.037	-0.008,-0.041	0.003,-0.042	0.015,-0.040	0.025,-0.034	0.034,-0.026	0.000,0.000	
0.028,-0.016	0.031,-0.008	0.032,0.001	0.030,0.010	0.026,0.018	0.020,0.025	0.013,0.029	0.004,0.032	-0.005,0.032	-0.013,0.029	-0.021,0.024	-0.027,0.018	-0.030,0.010	-0.032,0.001	-0.031,-0.008	-0.028,-0.016	-0.022,-0.023	-0.015,-0.028	-0.006,-0.031	0.002,-0.032	0.011,-0.030	0.019,-0.026	0.025,-0.019	0.000,0.000	
0.021,-0.012	0.023,-0.006	0.024,0.001	0.023,0.007	0.020,0.014	0.015,0.019	0.010,0.022	0.003,0.024	-0.003,0.024	-0.010,0.022	-0.016,0.018	-0.020,0.013	-0.023,0.007	-0.024,0.001	-0.023,-0.006	-0.021,-0.012	-0.017,-0.017	-0.011,-0.021	-0.005,-0.024	0.002,-0.024	0.008,-0.023	0.014,-0.019	0.019,-0.015	0.000,0.000	
0.000,0.000	0.000,0.000	0.000,0.000	0.000,0.000	0.000,0.000	0.000,0.000	0.000,0.000	0.000,0.000	0.000,0.000	0.000,0.000	0.000,0.000	0.000,0.000	0.000,0.000	0.000,0.000	0.000,0.000	0.000,0.000	0.000,0.000	0.000,0.000	0.000,0.000	0.000,0.000	0.000,0.000	0.000,0.000	0.000,0.000	0.000,0.000	
0.000,0.000	0.000,0.000	0.000,0.000	0.000,0.000	0.000,0.000	0.000,0.000	0.000,0.000	0.000,0.000	0.000,0.000	0.000,0.000	0.000,0.000	0.000,0.000	0.000,0.000	0.000,0.000	0.000,0.000	0.000,0.000	0.000,0.000	0.000,0.000	0.000,0.000	0.000,0.000	0.000,0.000	0.000,0.000	0.000,0.000	0.000,0.000	
0.000,0.000	0.000,0.000	0.000,0.000	0.000,0.000	0.000,0.000	0.000,0.000	0.000,0.000	0.000,0.000	0.000,0.000	0.000,0.000	0.000,0.000	0.000,0.000	0.000,0.000	0.000,0.000	0.000,0.000	0.000,0.000	0.000,0.000	0.000,0.000	0.000,0.000	0.000,0.000	0.000,0.000	0.000,0.000	0.000,0.000	0.000,0.000	


0.262,-0.453	0.377,-0.364	0.463,-0.245	0.512,-0.108	0.522,0.037	0.492,0.180	0.423,0.309	0.321,0.414	0.194,0.486	0.053,0.521	-0.093,0.515	-0.232,0.469	-0.352,0.387	-0.446,0.275	-0.504,0.141	-0.524,-0.004	-0.502,-0.148	-0.442,-0.281	-0.347,-0.392	-0.226,-0.473	-0.086,-0.516	0.060,-0.520	0.201,-0.484	0.000,0.000	
0.198,-0.343	0.285,-0.275	0.350,-0.186	0.387,-0.082	0.395,0.028	0.372,0.136	0.320,0.234	0.243,0.313	0.147,0.368	0.040,0.394	-0.070,0.390	-0.175,0.355	-0.266,0.293	-0.337,0.208	-0.381,0.107	-0.396,-0.003	-0.380,-0.112	-0.334,-0.212	-0.262,-0.296	-0.170,-0.357	-0.065,-0.390	0.045,-0.393	0.152,-0.366	0.000,0.000	
0.150,-0.259	0.215,-0.208	0.264,-0.140	0.293,-0.062	0.298,0.021	0.281,0.103	0.242,0.177	0.184,0.236	0.111,0.278	0.030,0.298	-0.053,0.294	-0.133,0.268	-0.201,0.221	-0.255,0.157	-0.288,0.081	-0.299,-0.002	-0.287,-0.085	-0.253,-0.161	-0.198,-0.224	-0.129,-0.270	-0.049,-0.295	0.034,-0.297	0.115,-0.276	0.000,0.000	
0.113,-0.196	0.163,-0.157	0.200,-0.106	0.221,-0.047	0.226,0.016	0.212,0.078	0.183,0.133	0.139,0.179	0.084,0.210	0.023,0.225	-0.040,0.223	-0.100,0.203	-0.152,0.167	-0.193,0.119	-0.218,0.061	-0.226,-0.002	-0.217,-0.064	-0.191,-0.121	-0.150,-0.169	-0.097,-0.204	-0.037,-0.223	0.026,-0.225	0.087,-0.209	0.000,0.000	
0.086,-0.148	0.123,-0.119	0.151,-0.080	0.167,-0.035	0.171,0.012	0.161,0.059	0.138,0.101	0.105,0.135	0.064,0.159	0.017,0.170	-0.030,0.168	-0.076,0.153	-0.115,0.126	-0.146,0.090	-0.165,0.046	-0.171,-0.001	-0.164,-0.048	-0.144,-0.092	-0.113,-0.128	-0.074,-0.154	-0.028,-0.169	0.019,-0.170	0.066,-0.158	0.000,0.000	
0.065,-0.112	0.093,-0.090	0.114,-0.061	0.127,-0.027	0.129,0.009	0.121,0.044	0.104,0.076	0.079,0.102	0.048,0.120	0.013,0.129	-0.023,0.127	-0.057,0.116	-0.087,0.096	-0.110,0.068	-0.125,0.035	-0.129,-0.001	-0.124,-0.037	-0.109,-0.069	-0.086,-0.097	-0.056,-0.117	-0.021,-0.128	0.015,-0.128	0.050,-0.119	0.000,0.000	
0.049,-0.085	0.070,-0.068	0.086,-0.046	0.096,-0.020	0.098,0.007	0.092,0.034	0.079,0.058	0.060,0.077	0.036,0.091	0.010,0.097	-0.017,0.096	-0.043,0.088	-0.066,0.072	-0.083,0.051	-0.094,0.026	-0.098,-0.001	-0.094,-0.028	-0.083,-0.052	-0.065,-0.073	-0.042,-0.088	-0.016,-0.096	0.011,-0.097	0.038,-0.090	0.000,0.000	
0.037,-0.064	0.053,-0.051	0.065,-0.035	0.072,-0.015	0.074,0.005	0.069,0.025	0.060,0.044	0.045,0.058	0.027,0.069	0.007,0.074	-0.013,0.073	-0.033,0.066	-0.050,0.055	-0.063,0.039	-0.071,0.020	-0.074,-0.000	-0.071,-0.021	-0.062,-0.040	-0.049,-0.055	-0.032,-0.067	-0.012,-0.073	0.008,-0.073	0.028,-0.068	0.000,0.000	
0.028,-0.048	0.040,-0.039	0.049,-0.026	0.055,-0.012	0.056,0.004	0.052,0.019	0.045,0.033	0.034,0.044	0.021,0.052	0.006,0.056	-0.010,0.055	-0.025,0.050	-0.038,0.041	-0.048,0.029	-0.054,0.015	-0.056,-0.000	-0.054,-0.016	-0.047,-0.030	-0.037,-0.042	-0.024,-0.050	-0.009,-0.055	0.006,-0.056	0.021,-0.052	0.000,0.000	
0.021,-0.037	0.030,-0.029	0.037,-0.020	0.041,-0.009	0.042,0.003	0.040,0.015	0.034,0.025	0.026,0.033	0.016,0.039	0.004,0.042	-0.008,0.042	-0.019,0.038	-0.028,0.031	-0.036,0.022	-0.041,0.011	-0.042,-0.000	-0.041,-0.012	-0.036,-0.023	-0.028,-0.032	-0.018,-0.038	-0.007,-0.042	0.005,-0.042	0.016,-0.039	0.000,0.000	
0.016,-0.028	0.023,-0.022	0.028,-0.015	0.031,-0.007	0.032,0.002	0.030,0.011	0.026,0.019	0.020,0.025	0.012,0.030	0.003,0.032	-0.006,0.031	-0.014,0.029	-0.021,0.024	-0.027,0.017	-0.031,0.009	-0.032,-0.000	-0.031,-0.009	-0.027,-0.017	-0.021,-0.024	-0.014,-0.029	-0.005,-0.031	0.004,-0.032	0.012,-0.029	0.000,0.000	
0.012,-0.021	0.017,-0.017	0.021,-0.011	0.024,-0.005	0.024,0.002	0.023,0.008	0.019,0.014	0.015,0.019	0.009,0.022	0.002,0.024	-0.004,0.024	-0.011,0.022	-0.016,0.018	-0.021,0.013	-0.023,0.007	-0.024,-0.000	-0.023,-0.007	-0.020,-0.013	-0.016,-0.018	-0.010,-0.022	-0.004,-0.024	0.003,-0.024	0.009,-0.022	0.000,0.000	
0.000,0.000	0.000,0.000	0.000,0.000	0.000,0.000	0.000,0.000	0.000,0.000	0.000,0.000	0.000,0.000	0.000,0.000	0.000,0.000	0.000,0.000	0.000,0.000	0.000,0.000	0.000,0.000	0.000,0.000	0.000,0.000	0.000,0.000	0.000,0.000	0.000,0.000	0.000,0.000	0.000,0.000	0.000,0.000	0.000,0.000	0.000,0.000	
0.000,0.000	0.000,0.000	0.000,0.000	0.000,0.000	0.000,0.000	0.000,0.000	0.000,0.000	0.000,0.000	0.000,0.000	0.000,0.000	0.000,0.000	0.000,0.000	0.000,0.000	0.000,0.000	0.000,0.000	0.000,0.000	0.000,0.000	0.000,0.000	0.000,0.000	0.000,0.000	0.000,0.000	0.000,0.000	0.000,0.000	0.000,0.000	
0.000,0.000	0.000,0.000	0.000,0.000	0.000,0.000	0.000,0.000	0.000,0.000	0.000,0.000	0.000,0.000	0.000,0.000	0.000,0.000	0.000,0.000	0.000,0.000	0.000,0.000	0.000,0.000	0.000,0.000	0.000,0.000	0.000,0.000	0.000,0.000	0.000,0.000	0.000,0.000	0.000,0.000	0.000,0.000	0.000,0.000	0.000,0.000	


0.000,-0.524	0.145,-0.503	0.278,-0.444	0.390,-0.350	0.471,-0.229	0.516,-0.090	0.521,0.056	0.485,0.198	0.411,0.324	0.306,0.425	0.177,0.493	0.034,0.522	-0.112,0.512	-0.248,0.461	-0.366,0.374	-0.455,0.259	-0.509,0.123	-0.523,-0.022	-0.497,-0.166	-0.432,-0.296	-0.333,-0.404	-0.208,-0.480	-0.068,-0.519	0.000,0.000	
0.000,-0.396	0.109,-0.380	0.210,-0.336	0.295,-0.264	0.356,-0.173	0.390,-0.068	0.394,0.042	0.367,0.149	0.311,0.245	0.231,0.321	0.134,0.373	0.026,0.395	-0.084,0.387	-0.188,0.348	-0.277,0.283	-0.344,0.196	-0.385,0.093	-0.395,-0.017	-0.375,-0.125	-0.326,-0.224	-0.252,-0.306	-0.158,-0.363	-0.051,-0.393	0.000,0.000	
0.000,-0.299	0.083,-0.288	0.159,-0.254	0.223,-0.200	0.269,-0.131	0.295,-0.051	0.298,0.032	0.277,0.113	0.235,0.185	0.175,0.243	0.101,0.282	0.019,0.299	-0.064,0.292	-0.142,0.263	-0.209,0.214	-0.260,0.148	-0.291,0.070	-0.299,-0.013	-0.284,-0.095	-0.247,-0.169	-0.190,-0.231	-0.119,-0.275	-0.039,-0.297	0.000,0.000	
0.000,-0.226	0.062,-0.217	0.120,-0.192	0.168,-0.151	0.204,-0.099	0.223,-0.039	0.225,0.024	0.210,0.085	0.178,0.140	0.132,0.184	0.076,0.213	0.015,0.226	-0.048,0.221	-0.107,0.199	-0.158,0.162	-0.197,0.112	-0.220,0.053	-0.226,-0.010	-0.215,-0.072	-0.186,-0.128	-0.144,-0.175	-0.090,-0.208	-0.029,-0.224	0.000,0.000	
0.000,-0.171	0.047,-0.164	0.091,-0.145	0.127,-0.114	0.154,-0.075	0.169,-0.029	0.170,0.018	0.158,0.065	0.134,0.106	0.100,0.139	0.058,0.161	0.011,0.171	-0.036,0.167	-0.081,0.151	-0.120,0.122	-0.149,0.085	-0.166,0.040	-0.171,-0.007	-0.162,-0.054	-0.141,-0.097	-0.109,-0.132	-0.068,-0.157	-0.022,-0.170	0.000,0.000	
0.000,-0.129	0.036,-0.124	0.069,-0.110	0.096,-0.086	0.116,-0.056	0.127,-0.022	0.129,0.014	0.120,0.049	0.102,0.080	0.076,0.105	0.044,0.122	0.008,0.129	-0.028,0.126	-0.061,0.114	-0.090,0.092	-0.112,0.064	-0.126,0.030	-0.129,-0.005	-0.123,-0.041	-0.107,-0.073	-0.082,-0.100	-0.051,-0.119	-0.017,-0.128	0.000,0.000	
0.000,-0.098	0.027,-0.094	0.052,-0.083	0.073,-0.065	0.088,-0.043	0.096,-0.017	0.097,0.010	0.091,0.037	0.077,0.060	0.057,0.079	0.033,0.092	0.006,0.098	-0.021,0.096	-0.046,0.086	-0.068,0.070	-0.085,0.048	-0.095,0.023	-0.098,-0.004	-0.093,-0.031	-0.081,-0.055	-0.062,-0.075	-0.039,-0.090	-0.013,-0.097	0.000,0.000	
0.000,-0.074	0.020,-0.071	0.039,-0.063	0.055,-0.049	0.066,-0.032	0.073,-0.013	0.073,0.008	0.068,0.028	0.058,0.046	0.043,0.060	0.025,0.070	0.005,0.074	-0.016,0.072	-0.035,0.065	-0.052,0.053	-0.064,0.037	-0.072,0.017	-0.074,-0.003	-0.070,-0.023	-0.061,-0.042	-0.047,-0.057	-0.029,-0.068	-0.010,-0.073	0.000,0.000	
0.000,-0.056	0.015,-0.054	0.030,-0.047	0.042,-0.037	0.050,-0.024	0.055,-0.010	0.056,0.006	0.052,0.021	0.044,0.035	0.033,0.045	0.019,0.053	0.004,0.056	-0.012,0.055	-0.027,0.049	-0.039,0.040	-0.049,0.028	-0.054,0.013	-0.056,-0.002	-0.053,-0.018	-0.046,-0.032	-0.036,-0.043	-0.022,-0.051	-0.007,-0.055	0.000,0.000	
0.000,-0.042	0.012,-0.041	0.022,-0.036	0.031,-0.028	0.038,-0.018	0.042,-0.007	0.042,0.005	0.039,0.016	0.033,0.026	0.025,0.034	0.014,0.040	0.003,0.042	-0.009,0.041	-0.020,0.037	-0.030,0.030	-0.037,0.021	-0.041,0.010	-0.042,-0.002	-0.040,-0.013	-0.035,-0.024	-0.027,-0.033	-0.017,-0.039	-0.005,-0.042	0.000,0.000	
0.000,-0.032	0.009,-0.031	0.017,-0.027	0.024,-0.021	0.029,-0.014	0.031,-0.005	0.032,0.003	0.030,0.012	0.025,0.020	0.019,0.026	0.011,0.030	0.002,0.032	-0.007,0.031	-0.015,0.028	-0.022,0.023	-0.028,0.016	-0.031,0.008	-0.032,-0.001	-0.030,-0.010	-0.026,-0.018	-0.020,-0.025	-0.013,-0.029	-0.004,-0.032	0.000,0.000	
0.000,-0.024	0.007,-0.023	0.013,-0.020	0.018,-0.016	0.022,-0.011	0.024,-0.004	0.024,0.003	0.022,0.009	0.019,0.015	0.014,0.020	0.008,0.023	0.002,0.024	-0.005,0.024	-0.011,0.021	-0.017,0.017	-0.021,0.012	-0.023,0.006	-0.024,-0.001	-0.023,-0.008	-0.020,-0.014	-0.015,-0.019	-0.010,-0.022	-0.003,-0.024	0.000,0.000	
0.000,0.000	0.000,0.000	0.000,0.000	0.000,0.000	0.000,0.000	0.000,0.000	0.000,0.000	0.000,0.000	0.000,0.000	0.000,0.000	0.000,0.000	0.000,0.000	0.000,0.000	0.000,0.000	0.000,0.000	0.000,0.000	0.000,0.000	0.000,0.000	0.000,0.000	0.000,0.000	0.000,0.000	0.000,0.000	0.000,0.000	0.000,0.000	
0.000,0.000	0.000,0.000	0.000,0.000	0.000,0.000	0.000,0.000	0.000,0.000	0.000,0.000	0.000,0.000	0.000,0.000	0.000,0.000	0.000,0.000	0.000,0.000	0.000,0.000	0.000,0.000	0.000,0.000	0.000,0.000	0.000,0.000	0.000,0.000	0.000,0.000	0.000,0.000	0.000,0.000	0.000,0.000	0.000,0.000	0.000,0.000	
0.000,0.000	0.000,0.000	0.000,0.000	0.000,0.000	0.000,0.000	0.000,0.000	0.000,0.000	0.000,0.000	0.000,0.000	0.000,0.000	0.000,0.000	0.000,0.000	0.000,0.000	0.000,0.000	0.000,0.000	0.000,0.000	0.000,0.000	0.000,0.000	0.000,0.000	0.000,0.000	0.000,0.000	0.000,0.000	0.000,0.000	0.000,0.000	


-0.262,-0.453	-0.126,-0.508	0.019,-0.523	0.162,-0.498	0.294,-0.434	0.402,-0.336	0.479,-0.212	0.519,-0.071	0.518,0.075	0.477,0.215	0.400,0.338	0.291,0.436	0.159,0.499	0.015,0.523	-0.130,0.507	-0.265,0.452	-0.379,0.361	-0.464,0.242	-0.513,0.105	-0.522,-0.041	-0.490,-0.183	-0.421,-0.312	-0.318,-0.416	0.000,0.000	
-0.198,-0.343	-0.096,-0.384	0.014,-0.396	0.123,-0.376	0.222,-0.328	0.304,-0.254	0.362,-0.160	0.392,-0.054	0.392,0.056	0.361,0.162	0.302,0.256	0.220,0.329	0.120,0.377	0.012,0.396	-0.098,0.383	-0.200,0.341	-0.287,0.273	-0.351,0.183	-0.388,0.079	-0.395,-0.031	-0.371,-0.139	-0.318,-0.236	-0.241,-0.314	0.000,0.000	
-0.150,-0.259	-0.072,-0.290	0.011,-0.299	0.093,-0.284	0.168,-0.248	0.230,-0.192	0.274,-0.121	0.296,-0.041	0.296,0.043	0.273,0.123	0.228,0.193	0.166,0.249	0.091,0.285	0.009,0.299	-0.074,0.290	-0.151,0.258	-0.217,0.206	-0.265,0.138	-0.293,0.060	-0.298,-0.023	-0.280,-0.105	-0.240,-0.178	-0.182,-0.238	0.000,0.000	
-0.113,-0.196	-0.055,-0.220	0.008,-0.226	0.070,-0.215	0.127,-0.187	0.174,-0.145	0.207,-0.091	0.224,-0.031	0.224,0.032	0.206,0.093	0.173,0.146	0.126,0.188	0.069,0.216	0.007,0.226	-0.056,0.219	-0.114,0.195	-0.164,0.156	-0.201,0.105	-0.222,0.045	-0.226,-0.018	-0.212,-0.079	-0.182,-0.135	-0.138,-0.180	0.000,0.000	
-0.086,-0.148	-0.041,-0.166	0.006,-0.171	0.053,-0.163	0.096,-0.142	0.131,-0.110	0.156,-0.069	0.169,-0.023	0.169,0.024	0.156,0.070	0.131,0.111	0.095,0.142	0.052,0.163	0.005,0.171	-0.042,0.166	-0.087,0.148	-0.124,0.118	-0.152,0.079	-0.168,0.034	-0.171,-0.013	-0.160,-0.060	-0.137,-0.102	-0.104,-0.136	0.000,0.000	
-0.065,-0.112	-0.031,-0.125	0.005,-0.129	0.040,-0.123	0.073,-0.107	0.099,-0.083	0.118,-0.052	0.128,-0.018	0.128,0.018	0.118,0.053	0.099,0.084	0.072,0.108	0.039,0.123	0.004,0.129	-0.032,0.125	-0.065,0.112	-0.094,0.089	-0.115,0.060	-0.127,0.026	-0.129,-0.010	-0.121,-0.045	-0.104,-0.077	-0.079,-0.103	0.000,0.000	
-0.049,-0.085	-0.024,-0.095	0.003,-0.098	0.030,-0.093	0.055,-0.081	0.075,-0.063	0.089,-0.040	0.097,-0.013	0.097,0.014	0.089,0.040	0.075,0.063	0.054,0.081	0.030,0.093	0.003,0.098	-0.024,0.095	-0.049,0.084	-0.071,0.067	-0.087,0.045	-0.096,0.020	-0.097,-0.008	-0.092,-0.034	-0.079,-0.058	-0.059,-0.078	0.000,0.000	
-0.037,-0.064	-0.018,-0.072	0.003,-0.074	0.023,-0.070	0.041,-0.061	0.057,-0.047	0.068,-0.030	0.073,-0.010	0.073,0.011	0.067,0.030	0.056,0.048	0.041,0.061	0.022,0.070	0.002,0.074	-0.018,0.072	-0.037,0.064	-0.054,0.051	-0.066,0.034	-0.072,0.015	-0.074,-0.006	-0.069,-0.026	-0.059,-0.044	-0.045,-0.059	0.000,0.000	
-0.028,-0.048	-0.013,-0.054	0.002,-0.056	0.017,-0.053	0.031,-0.046	0.043,-0.036	0.051,-0.023	0.055,-0.008	0.055,0.008	0.051,0.023	0.043,0.036	0.031,0.046	0.017,0.053	0.002,0.056	-0.014,0.054	-0.028,0.048	-0.040,0.039	-0.050,0.026	-0.055,0.011	-0.056,-0.004	-0.052,-0.020	-0.045,-0.033	-0.034,-0.044	0.000,0.000	
-0.021,-0.037	-0.010,-0.041	0.002,-0.042	0.013,-0.040	0.024,-0.035	0.032,-0.027	0.039,-0.017	0.042,-0.006	0.042,0.006	0.039,0.017	0.032,0.027	0.023,0.035	0.013,0.040	0.001,0.042	-0.010,0.041	-0.021,0.036	-0.031,0.029	-0.037,0.020	-0.041,0.008	-0.042,-0.003	-0.040,-0.015	-0.034,-0.025	-0.026,-0.034	0.000,0.000	
-0.016,-0.028	-0.008,-0.031	0.001,-0.032	0.010,-0.030	0.018,-0.026	0.025,-0.020	0.029,-0.013	0.032,-0.004	0.032,0.005	0.029,0.013	0.024,0.021	0.018,0.027	0.010,0.030	0.001,0.032	-0.008,0.031	-0.016,0.028	-0.023,0.022	-0.028,0.015	-0.031,0.006	-0.032,-0.002	-0.030,-0.011	-0.026,-0.019	-0.019,-0.025	0.000,0.000	
-0.012,-0.021	-0.006,-0.023	0.001,-0.024	0.007,-0.023	0.014,-0.020	0.019,-0.015	0.022,-0.010	0.024,-0.003	0.024,0.003	0.022,0.010	0.018,0.016	0.013,0.020	0.007,0.023	0.001,0.024	-0.006,0.023	-0.012,0.021	-0.017,0.017	-0.021,0.011	-0.024,0.005	-0.024,-0.002	-0.023,-0.008	-0.019,-0.014	-0.015,-0.019	0.000,0.000	
0.000,0.000	0.000,0.000	0.000,0.000	0.000,0.000	0.000,0.000	0.000,0.000	0.000,0.000	0.000,0.000	0.000,0.000	0.000,0.000	0.000,0.000	0.000,0.000	0.000,0.000	0.000,0.000	0.000,0.000	0.000,0.000	0.000,0.000	0.000,0.000	0.000,0.000	0.000,0.000	0.000,0.000	0.000,0.000	0.000,0.000	0.000,0.000	
0.000,0.000	0.000,0.000	0.000,0.000	0.000,0.000	0.000,0.000	0.000,0.000	0.000,0.000	0.000,0.000	0.000,0.000	0.000,0.000	0.000,0.000	0.000,0.000	0.000,0.000	0.000,0.000	0.000,0.000	0.000,0.000	0.000,0.000	0.000,0.000	0.000,0.000	0.000,0.000	0.000,0.000	0.000,0.000	0.000,0.000	0.000,0.000	
0.000,0.000	0.000,0.000	0.000,0.000	0.000,0.000	0.000,0.000	0.000,0.000	0.000,0.000	0.000,0.000	0.000,0.000	0.000,0.000	0.000,0.000	0.000,0.000	0.000,0.000	0.000,0.000	0.000,0.000	0.000,0.000	0.000,0.000	0.000,0.000	0.000,0.000	0.000,0.000	0.000,0.000	0.000,0.000	0.000,0.000	0.000,0.000	


-0.453,-0.262	-0.364,-0.377	-0.245,-0.463	-0.108,-0.512	0.037,-0.522	0.180,-0.492	0.309,-0.423	0.414,-0.321	0.486,-0.194	0.521,-0.053	0.515,0.093	0.469,0.232	0.387,0.352	0.275,0.446	0.141,0.504	-0.004,0.524	-0.148,0.502	-0.281,0.442	-0.392,0.347	-0.473,0.226	-0.516,0.086	-0.520,-0.060	-0.484,-0.201	0.000,0.000	
-0.343,-0.198	-0.275,-0.285	-0.186,-0.350	-0.082,-0.387	0.028,-0.395	0.136,-0.372	0.234,-0.320	0.313,-0.243	0.368,-0.147	0.394,-0.040	0.390,0.070	0.355,0.175	0.293,0.266	0.208,0.337	0.107,0.381	-0.003,0.396	-0.112,0.380	-0.212,0.334	-0.296,0.262	-0.357,0.170	-0.390,0.065	-0.393,-0.045	-0.366,-0.152	0.000,0.000	
-0.259,-0.150	-0.208,-0.215	-0.140,-0.264	-0.062,-0.293	0.021,-0.298	0.103,-0.281	0.177,-0.242	0.236,-0.184	0.278,-0.111	0.298,-0.030	0.294,0.053	0.268,0.133	0.221,0.201	0.157,0.255	0.081,0.288	-0.002,0.299	-0.085,0.287	-0.161,0.253	-0.224,0.198	-0.270,0.129	-0.295,0.049	-0.297,-0.034	-0.276,-0.115	0.000,0.000	
-0.196,-0.113	-0.157,-0.163	-0.106,-0.200	-0.047,-0.221	0.016,-0.226	0.078,-0.212	0.133,-0.183	0.179,-0.139	0.210,-0.084	0.225,-0.023	0.223,0.040	0.203,0.100	0.167,0.152	0.119,0.193	0.061,0.218	-0.002,0.226	-0.064,0.217	-0.121,0.191	-0.169,0.150	-0.204,0.097	-0.223,0.037	-0.225,-0.026	-0.209,-0.087	0.000,0.000	
-0.148,-0.086	-0.119,-0.123	-0.080,-0.151	-0.035,-0.167	0.012,-0.171	0.059,-0.161	0.101,-0.138	0.135,-0.105	0.159,-0.064	0.170,-0.017	0.168,0.030	0.153,0.076	0.126,0.115	0.090,0.146	0.046,0.165	-0.001,0.171	-0.048,0.164	-0.092,0.144	-0.128,0.113	-0.154,0.074	-0.169,0.028	-0.170,-0.019	-0.158,-0.066	0.000,0.000	
-0.112,-0.065	-0.090,-0.093	-0.061,-0.114	-0.027,-0.127	0.009,-0.129	0.044,-0.121	0.076,-0.104	0.102,-0.079	0.120,-0.048	0.129,-0.013	0.127,0.023	0.116,0.057	0.096,0.087	0.068,0.110	0.035,0.125	-0.001,0.129	-0.037,0.124	-0.069,0.109	-0.097,0.086	-0.117,0.056	-0.128,0.021	-0.128,-0.015	-0.119,-0.050	0.000,0.000	
-0.085,-0.049	-0.068,-0.070	-0.046,-0.086	-0.020,-0.096	0.007,-0.098	0.034,-0.092	0.058,-0.079	0.077,-0.060	0.091,-0.036	0.097,-0.010	0.096,0.017	0.088,0.043	0.072,0.066	0.051,0.083	0.026,0.094	-0.001,0.098	-0.028,0.094	-0.052,0.083	-0.073,0.065	-0.088,0.042	-0.096,0.016	-0.097,-0.011	-0.090,-0.038	0.000,0.000	
-0.064,-0.037	-0.051,-0.053	-0.035,-0.065	-0.015,-0.072	0.005,-0.074	0.025,-0.069	0.044,-0.060	0.058,-0.045	0.069,-0.027	0.074,-0.007	0.073,0.013	0.066,0.033	0.055,0.050	0.039,0.063	0.020,0.071	-0.000,0.074	-0.021,0.071	-0.040,0.062	-0.055,0.049	-0.067,0.032	-0.073,0.012	-0.073,-0.008	-0.068,-0.028	0.000,0.000	
-0.048,-0.028	-0.039,-0.040	-0.026,-0.049	-0.012,-0.055	0.004,-0.056	0.019,-0.052	0.033,-0.045	0.044,-0.034	0.052,-0.021	0.056,-0.006	0.055,0.010	0.050,0.025	0.041,0.038	0.029,0.048	0.015,0.054	-0.000,0.056	-0.016,0.054	-0.030,0.047	-0.042,0.037	-0.050,0.024	-0.055,0.009	-0.056,-0.006	-0.052,-0.021	0.000,0.000	
-0.037,-0.021	-0.029,-0.030	-0.020,-0.037	-0.009,-0.041	0.003,-0.042	0.015,-0.040	0.025,-0.034	0.033,-0.026	0.039,-0.016	0.042,-0.004	0.042,0.008	0.038,0.019	0.031,0.028	0.022,0.036	0.011,0.041	-0.000,0.042	-0.012,0.041	-0.023,0.036	-0.032,0.028	-0.038,0.018	-0.042,0.007	-0.042,-0.005	-0.039,-0.016	0.000,0.000	
-0.028,-0.016	-0.022,-0.023	-0.015,-0.028	-0.007,-0.031	0.002,-0.032	0.011,-0.030	0.019,-0.026	0.025,-0.020	0.030,-0.012	0.032,-0.003	0.031,0.006	0.029,0.014	0.024,0.021	0.017,0.027	0.009,0.031	-0.000,0.032	-0.009,0.031	-0.017,0.027	-0.024,0.021	-0.029,0.014	-0.031,0.005	-0.032,-0.004	-0.029,-0.012	0.000,0.000	
-0.021,-0.012	-0.017,-0.017	-0.011,-0.021	-0.005,-0.024	0.002,-0.024	0.008,-0.023	0.014,-0.019	0.019,-0.015	0.022,-0.009	0.024,-0.002	0.024,0.004	0.022,0.011	0.018,0.016	0.013,0.021	0.007,0.023	-0.000,0.024	-0.007,0.023	-0.013,0.020	-0.018,0.016	-0.022,0.010	-0.024,0.004	-0.024,-0.003	-0.022,-0.009	0.000,0.000	
0.000,0.000	0.000,0.000	0.000,0.000	0.000,0.000	0.000,0.000	0.000,0.000	0.000,0.000	0.000,0.000	0.000,0.000	0.000,0.000	0.000,0.000	0.000,0.000	0.000,0.000	0.000,0.000	0.000,0.000	0.000,0.000	0.000,0.000	0.000,0.000	0.000,0.000	0.000,0.000	0.000,0.000	0.000,0.000	0.000,0.000	0.000,0.000	
0.000,0.000	0.000,0.000	0.000,0.000	0.000,0.000	0.000,0.000	0.000,0.000	0.000,0.000	0.000,0.000	0.000,0.000	0.000,0.000	0.000,0.000	0.000,0.000	0.000,0.000	0.000,0.000	0.000,0.000	0.000,0.000	0.000,0.000	0.000,0.000	0.000,0.000	0.000,0.000	0.000,0.000	0.000,0.000	0.000,0.000	0.000,0.000	
0.000,0.000	0.000,0.000	0.000,0.000	0.000,0.000	0.000,0.000	0.000,0.000	0.000,0.000	0.000,0.000	0.000,0.000	0.000,0.000	0.000,0.000	0.000,0.000	0.000,0.000	0.000,0.000	0.000,0.000	0.000,0.000	0.000,0.000	0.000,0.000	0.000,0.000	0.000,0.000	0.000,0.000	0.000,0.000	0.000,0.000	0.000,0.000	


-0.524,-0.000	-0.503,-0.145	-0.444,-0.278	-0.350,-0.390	-0.229,-0.471	-0.090,-0.516	0.056,-0.521	0.198,-0.485	0.324,-0.411	0.425,-0.306	0.493,-0.177	0.522,-0.034	0.512,0.112	0.461,0.249	0.374,0.366	0.259,0.455	0.123,0.509	-0.022,0.523	-0.166,0.497	-0.296,0.432	-0.404,0.333	-0.480,0.208	-0.519,0.068	0.000,0.000	
-0.396,-0.000	-0.380,-0.109	-0.336,-0.210	-0.264,-0.295	-0.173,-0.356	-0.068,-0.390	0.042,-0.394	0.149,-0.367	0.245,-0.311	0.321,-0.231	0.373,-0.134	0.395,-0.026	0.387,0.084	0.348,0.188	0.283,0.277	0.196,0.344	0.093,0.385	-0.017,0.395	-0.125,0.375	-0.224,0.326	-0.306,0.252	-0.363,0.158	-0.393,0.051	0.000,0.000	
-0.299,-0.000	-0.288,-0.083	-0.254,-0.159	-0.200,-0.223	-0.131,-0.269	-0.051,-0.295	0.032,-0.298	0.113,-0.277	0.185,-0.235	0.243,-0.175	0.282,-0.101	0.299,-0.019	0.292,0.064	0.263,0.142	0.214,0.209	0.148,0.260	0.070,0.291	-0.013,0.299	-0.095,0.284	-0.169,0.247	-0.231,0.190	-0.275,0.119	-0.297,0.039	0.000,0.000	
-0.226,-0.000	-0.217,-0.062	-0.192,-0.120	-0.151,-0.168	-0.099,-0.204	-0.039,-0.223	0.024,-0.225	0.085,-0.210	0.140,-0.178	0.184,-0.132	0.213,-0.076	0.226,-0.015	0.221,0.048	0.199,0.107	0.162,0.158	0.112,0.197	0.053,0.220	-0.010,0.226	-0.072,0.215	-0.128,0.186	-0.175,0.144	-0.208,0.090	-0.224,0.029	0.000,0.000	
-0.171,-0.000	-0.164,-0.047	-0.145,-0.091	-0.114,-0.127	-0.075,-0.154	-0.029,-0.169	0.018,-0.170	0.065,-0.158	0.106,-0.134	0.139,-0.100	0.161,-0.058	0.171,-0.011	0.167,0.036	0.151,0.081	0.122,0.120	0.085,0.149	0.040,0.166	-0.007,0.171	-0.054,0.162	-0.097,0.141	-0.132,0.109	-0.157,0.068	-0.170,0.022	0.000,0.000	
-0.129,-0.000	-0.124,-0.036	-0.110,-0.069	-0.086,-0.096	-0.056,-0.116	-0.022,-0.127	0.014,-0.129	0.049,-0.120	0.080,-0.102	0.105,-0.076	0.122,-0.044	0.129,-0.008	0.126,0.028	0.114,0.061	0.092,0.090	0.064,0.112	0.030,0.126	-0.005,0.129	-0.041,0.123	-0.073,0.107	-0.100,0.082	-0.119,0.051	-0.128,0.017	0.000,0.000	
-0.098,-0.000	-0.094,-0.027	-0.083,-0.052	-0.065,-0.073	-0.043,-0.088	-0.017,-0.096	0.010,-0.097	0.037,-0.091	0.060,-0.077	0.079,-0.057	0.092,-0.033	0.098,-0.006	0.096,0.021	0.086,0.046	0.070,0.068	0.048,0.085	0.023,0.095	-0.004,0.098	-0.031,0.093	-0.055,0.081	-0.075,0.062	-0.090,0.039	-0.097,0.013	0.000,0.000	
-0.074,-0.000	-0.071,-0.020	-0.063,-0.039	-0.049,-0.055	-0.032,-0.066	-0.013,-0.073	0.008,-0.073	0.028,-0.068	0.046,-0.058	0.060,-0.043	0.070,-0.025	0.074,-0.005	0.072,0.016	0.065,0.035	0.053,0.052	0.037,0.064	0.017,0.072	-0.003,0.074	-0.023,0.070	-0.042,0.061	-0.057,0.047	-0.068,0.029	-0.073,0.010	0.000,0.000	
-0.056,-0.000	-0.054,-0.015	-0.047,-0.030	-0.037,-0.042	-0.024,-0.050	-0.010,-0.055	0.006,-0.056	0.021,-0.052	0.035,-0.044	0.045,-0.033	0.053,-0.019	0.056,-0.004	0.055,0.012	0.049,0.027	0.040,0.039	0.028,0.049	0.013,0.054	-0.002,0.056	-0.018,0.053	-0.032,0.046	-0.043,0.036	-0.051,0.022	-0.055,0.007	0.000,0.000	
-0.042,-0.000	-0.041,-0.012	-0.036,-0.022	-0.028,-0.031	-0.018,-0.038	-0.007,-0.042	0.005,-0.042	0.016,-0.039	0.026,-0.033	0.034,-0.025	0.040,-0.014	0.042,-0.003	0.041,0.009	0.037,0.020	0.030,0.030	0.021,0.037	0.010,0.041	-0.002,0.042	-0.013,0.040	-0.024,0.035	-0.033,0.027	-0.039,0.017	-0.042,0.005	0.000,0.000	
-0.032,-0.000	-0.031,-0.009	-0.027,-0.017	-0.021,-0.024	-0.014,-0.029	-0.005,-0.031	0.003,-0.032	0.012,-0.030	0.020,-0.025	0.026,-0.019	0.030,-0.011	0.032,-0.002	0.031,0.007	0.028,0.015	0.023,0.022	0.016,0.028	0.008,0.031	-0.001,0.032	-0.010,0.030	-0.018,0.026	-0.025,0.020	-0.029,0.013	-0.032,0.004	0.000,0.000	
-0.024,-0.000	-0.023,-0.007	-0.020,-0.013	-0.016,-0.018	-0.011,-0.022	-0.004,-0.024	0.003,-0.024	0.009,-0.022	0.015,-0.019	0.020,-0.014	0.023,-0.008	0.024,-0.002	0.024,0.005	0.021,0.011	0.017,0.017	0.012,0.021	0.006,0.023	-0.001,0.024	-0.008,0.023	-0.014,0.020	-0.019,0.015	-0.022,0.010	-0.024,0.003	0.000,0.000	
0.000,0.000	0.000,0.000	0.000,0.000	0.000,0.000	0.000,0.000	0.000,0.000	0.000,0.000	0.000,0.000	0.000,0.000	0.000,0.000	0.000,0.000	0.000,0.000	0.000,0.000	0.000,0.000	0.000,0.000	0.000,0.000	0.000,0.000	0.000,0.000	0.000,0.000	0.000,0.000	0.000,0.000	0.000,0.000	0.000,0.000	0.000,0.000	
0.000,0.000	0.000,0.000	0.000,0.000	0.000,0.000	0.000,0.000	0.000,0.000	0.000,0.000	0.000,0.000	0.000,0.000	0.000,0.000	0.000,0.000	0.000,0.000	0.000,0.000	0.000,0.000	0.000,0.000	0.000,0.000	0.000,0.000	0.000,0.000	0.000,0.000	0.000,0.000	0.000,0.000	0.000,0.000	0.000,0.000	0.000,0.000	
0.000,0.000	0.000,0.000	0.000,0.000	0.000,0.000	0.000,0.000	0.000,0.000	0.000,0.000	0.000,0.000	0.000,0.000	0.000,0.000	0.000,0.000	0.000,0.000	0.000,0.000	0.000,0.000	0.000,0.000	0.000,0.000	0.000,0.000	0.000,0.000	0.000,0.000	0.000,0.000	0.000,0.000	0.000,0.000	0.000,0.000	0.000,0.000	


-0.453,0.262	-0.508,0.126	-0.523,-0.019	-0.498,-0.162	-0.434,-0.294	-0.336,-0.402	-0.212,-0.479	-0.071,-0.519	0.075,-0.518	0.215,-0.477	0.338,-0.400	0.436,-0.291	0.499,-0.159	0.523,-0.015	0.507,0.130	0.452,0.265	0.361,0.379	0.242,0.464	0.105,0.513	-0.041,0.522	-0.183,0.490	-0.312,0.421	-0.416,0.318	0.000,0.000	
-0.343,0.198	-0.384,0.096	-0.396,-0.014	-0.376,-0.123	-0.328,-0.222	-0.254,-0.304	-0.160,-0.362	-0.054,-0.392	0.056,-0.392	0.162,-0.361	0.256,-0.302	0.329,-0.220	0.377,-0.120	0.396,-0.012	0.383,0.098	0.341,0.200	0.273,0.287	0.183,0.351	0.079,0.388	-0.031,0.395	-0.139,0.371	-0.236,0.318	-0.314,0.241	0.000,0.000	
-0.259,0.150	-0.290,0.072	-0.299,-0.011	-0.284,-0.093	-0.248,-0.168	-0.192,-0.230	-0.121,-0.274	-0.041,-0.296	0.043,-0.296	0.123,-0.273	0.193,-0.228	0.249,-0.166	0.285,-0.091	0.299,-0.009	0.290,0.074	0.258,0.151	0.206,0.217	0.138,0.265	0.060,0.293	-0.023,0.298	-0.105,0.280	-0.178,0.240	-0.238,0.182	0.000,0.000	
-0.196,0.113	-0.220,0.055	-0.226,-0.008	-0.215,-0.070	-0.187,-0.127	-0.145,-0.174	-0.091,-0.207	-0.031,-0.224	0.032,-0.224	0.093,-0.206	0.146,-0.173	0.188,-0.126	0.216,-0.069	0.226,-0.007	0.219,0.056	0.195,0.114	0.156,0.164	0.105,0.201	0.045,0.222	-0.018,0.226	-0.079,0.212	-0.135,0.182	-0.180,0.138	0.000,0.000	
-0.148,0.086	-0.166,0.041	-0.171,-0.006	-0.163,-0.053	-0.142,-0.096	-0.110,-0.131	-0.069,-0.156	-0.023,-0.169	0.024,-0.169	0.070,-0.156	0.111,-0.131	0.142,-0.095	0.163,-0.052	0.171,-0.005	0.166,0.042	0.148,0.087	0.118,0.124	0.079,0.152	0.034,0.168	-0.013,0.171	-0.060,0.160	-0.102,0.137	-0.136,0.104	0.000,0.000	
-0.112,0.065	-0.125,0.031	-0.129,-0.005	-0.123,-0.040	-0.107,-0.073	-0.083,-0.099	-0.052,-0.118	-0.018,-0.128	0.018,-0.128	0.053,-0.118	0.084,-0.099	0.108,-0.072	0.123,-0.039	0.129,-0.004	0.125,0.032	0.112,0.065	0.089,0.094	0.060,0.115	0.026,0.127	-0.010,0.129	-0.045,0.121	-0.077,0.104	-0.103,0.079	0.000,0.000	
-0.085,0.049	-0.095,0.024	-0.098,-0.003	-0.093,-0.030	-0.081,-0.055	-0.063,-0.075	-0.040,-0.089	-0.013,-0.097	0.014,-0.097	0.040,-0.089	0.063,-0.075	0.081,-0.054	0.093,-0.030	0.098,-0.003	0.095,0.024	0.084,0.049	0.067,0.071	0.045,0.087	0.020,0.096	-0.008,0.097	-0.034,0.092	-0.058,0.079	-0.078,0.059	0.000,0.000	
-0.064,0.037	-0.072,0.018	-0.074,-0.003	-0.070,-0.023	-0.061,-0.041	-0.047,-0.057	-0.030,-0.068	-0.010,-0.073	0.011,-0.073	0.030,-0.067	0.048,-0.056	0.061,-0.041	0.070,-0.022	0.074,-0.002	0.072,0.018	0.064,0.037	0.051,0.054	0.034,0.066	0.015,0.072	-0.006,0.074	-0.026,0.069	-0.044,0.059	-0.059,0.045	0.000,0.000	
-0.048,0.028	-0.054,0.013	-0.056,-0.002	-0.053,-0.017	-0.046,-0.031	-0.036,-0.043	-0.023,-0.051	-0.008,-0.055	0.008,-0.055	0.023,-0.051	0.036,-0.043	0.046,-0.031	0.053,-0.017	0.056,-0.002	0.054,0.014	0.048,0.028	0.039,0.040	0.026,0.050	0.011,0.055	-0.004,0.056	-0.020,0.052	-0.033,0.045	-0.044,0.034	0.000,0.000	
-0.037,0.021	-0.041,0.010	-0.042,-0.002	-0.040,-0.013	-0.035,-0.024	-0.027,-0.032	-0.017,-0.039	-0.006,-0.042	0.006,-0.042	0.017,-0.039	0.027,-0.032	0.035,-0.023	0.040,-0.013	0.042,-0.001	0.041,0.010	0.036,0.021	0.029,0.031	0.020,0.037	0.008,0.041	-0.003,0.042	-0.015,0.040	-0.025,0.034	-0.034,0.026	0.000,0.000	
-0.028,0.016	-0.031,0.008	-0.032,-0.001	-0.030,-0.010	-0.026,-0.018	-0.020,-0.025	-0.013,-0.029	-0.004,-0.032	0.005,-0.032	0.013,-0.029	0.021,-0.024	0.027,-0.018	0.030,-0.010	0.032,-0.001	0.031,0.008	0.028,0.016	0.022,0.023	0.015,0.028	0.006,0.031	-0.002,0.032	-0.011,0.030	-0.019,0.026	-0.025,0.019	0.000,0.000	
-0.021,0.012	-0.023,0.006	-0.024,-0.001	-0.023,-0.007	-0.020,-0.014	-0.015,-0.019	-0.010,-0.022	-0.003,-0.024	0.003,-0.024	0.010,-0.022	0.016,-0.018	0.020,-0.013	0.023,-0.007	0.024,-0.001	0.023,0.006	0.021,0.012	0.017,0.017	0.011,0.021	0.005,0.024	-0.002,0.024	-0.008,0.023	-0.014,0.019	-0.019,0.015	0.000,0.000	
0.000,0.000	0.000,0.000	0.000,0.000	0.000,0.000	0.000,0.000	0.000,0.000	0.000,0.000	0.000,0.000	0.000,0.000	0.000,0.000	0.000,0.000	0.000,0.000	0.000,0.000	0.000,0.000	0.000,0.000	0.000,0.000	0.000,0.000	0.000,0.000	0.000,0.000	0.000,0.000	0.000,0.000	0.000,0.000	0.000,0.000	0.000,0.000	
0.000,0.000	0.000,0.000	0.000,0.000	0.000,0.000	0.000,0.000	0.000,0.000	0.000,0.000	0.000,0.000	0.000,0.000	0.000,0.000	0.000,0.000	0.000,0.000	0.000,0.000	0.000,0.000	0.000,0.000	0.000,0.000	0.000,0.000	0.000,0.000	0.000,0.000	0.000,0.000	0.000,0.000	0.000,0.000	0.000,0.000	0.000,0.000	
0.000,0.000	0.000,0.000	0.000,0.000	0.000,0.000	0.000,0.000	0.000,0.000	0.000,0.000	0.000,0.000	0.000,0.000	0.000,0.000	0.000,0.000	0.000,0.000	0.000,0.000	0.000,0.000	0.000,0.000	0.000,0.000	0.000,0.000	0.000,0.000	0.000,0.000	0.000,0.000	0.000,0.000	0.000,0.000	0.000,0.000	0.000,0.000	


-0.262,0.453	-0.377,0.364	-0.463,0.245	-0.512,0.108	-0.522,-0.037	-0.492,-0.180	-0.423,-0.309	-0.321,-0.414	-0.194,-0.486	-0.053,-0.521	0.093,-0.515	0.232,-0.469	0.352,-0.387	0.446,-0.275	0.504,-0.141	0.524,0.004	0.502,0.148	0.442,0.281	0.347,0.392	0.226,0.473	0.086,0.516	-0.060,0.520	-0.201,0.484	0.000,0.000	
-0.198,0.343	-0.285,0.275	-0.350,0.186	-0.387,0.082	-0.395,-0.028	-0.372,-0.136	-0.320,-0.234	-0.243,-0.313	-0.147,-0.368	-0.040,-0.394	0.070,-0.390	0.175,-0.355	0.266,-0.293	0.337,-0.208	0.381,-0.107	0.396,0.003	0.380,0.112	0.334,0.212	0.262,0.296	0.170,0.357	0.065,0.390	-0.045,0.393	-0.152,0.366	0.000,0.000	
-0.150,0.259	-0.215,0.208	-0.264,0.140	-0.293,0.062	-0.298,-0.021	-0.281,-0.103	-0.242,-0.177	-0.184,-0.236	-0.111,-0.278	-0.030,-0.298	0.053,-0.294	0.133,-0.268	0.201,-0.221	0.255,-0.157	0.288,-0.081	0.299,0.002	0.287,0.085	0.253,0.161	0.198,0.224	0.129,0.270	0.049,0.295	-0.034,0.297	-0.115,0.276	0.000,0.000	
-0.113,0.196	-0.163,0.157	-0.200,0.106	-0.221,0.047	-0.226,-0.016	-0.212,-0.078	-0.183,-0.133	-0.139,-0.179	-0.084,-0.210	-0.023,-0.225	0.040,-0.223	0.100,-0.203	0.152,-0.167	0.193,-0.119	0.218,-0.061	0.226,0.002	0.217,0.064	0.191,0.121	0.150,0.169	0.097,0.204	0.037,0.223	-0.026,0.225	-0.087,0.209	0.000,0.000	
-0.086,0.148	-0.123,0.119	-0.151,0.080	-0.167,0.035	-0.171,-0.012	-0.161,-0.059	-0.138,-0.101	-0.105,-0.135	-0.064,-0.159	-0.017,-0.170	0.030,-0.168	0.076,-0.153	0.115,-0.126	0.146,-0.090	0.165,-0.046	0.171,0.001	0.164,0.048	0.144,0.092	0.113,0.128	0.074,0.154	0.028,0.169	-0.019,0.170	-0.066,0.158	0.000,0.000	
-0.065,0.112	-0.093,0.090	-0.114,0.061	-0.127,0.027	-0.129,-0.009	-0.121,-0.044	-0.104,-0.076	-0.079,-0.102	-0.048,-0.120	-0.013,-0.129	0.023,-0.127	0.057,-0.116	0.087,-0.096	0.110,-0.068	0.125,-0.035	0.129,0.001	0.124,0.037	0.109,0.069	0.086,0.097	0.056,0.117	0.021,0.128	-0.015,0.128	-0.050,0.119	0.000,0.000	
-0.049,0.085	-0.070,0.068	-0.086,0.046	-0.096,0.020	-0.098,-0.007	-0.092,-0.034	-0.079,-0.058	-0.060,-0.077	-0.036,-0.091	-0.010,-0.097	0.017,-0.096	0.043,-0.088	0.066,-0.072	0.083,-0.051	0.094,-0.026	0.098,0.001	0.094,0.028	0.083,0.052	0.065,0.073	0.042,0.088	0.016,0.096	-0.011,0.097	-0.038,0.090	0.000,0.000	
-0.037,0.064	-0.053,0.051	-0.065,0.035	-0.072,0.015	-0.074,-0.005	-0.069,-0.025	-0.060,-0.044	-0.045,-0.058	-0.027,-0.069	-0.007,-0.074	0.013,-0.073	0.033,-0.066	0.050,-0.055	0.063,-0.039	0.071,-0.020	0.074,0.000	0.071,0.021	0.062,0.040	0.049,0.055	0.032,0.067	0.012,0.073	-0.008,0.073	-0.028,0.068	0.000,0.000	
-0.028,0.048	-0.040,0.039	-0.049,0.026	-0.055,0.012	-0.056,-0.004	-0.052,-0.019	-0.045,-0.033	-0.034,-0.044	-0.021,-0.052	-0.006,-0.056	0.010,-0.055	0.025,-0.050	0.038,-0.041	0.048,-0.029	0.054,-0.015	0.056,0.000	0.054,0.016	0.047,0.030	0.037,0.042	0.024,0.050	0.009,0.055	-0.006,0.056	-0.021,0.052	0.000,0.000	
-0.021,0.037	-0.030,0.029	-0.037,0.020	-0.041,0.009	-0.042,-0.003	-0.040,-0.015	-0.034,-0.025	-0.026,-0.033	-0.016,-0.039	-0.004,-0.042	0.008,-0.042	0.019,-0.038	0.028,-0.031	0.036,-0.022	0.041,-0.011	0.042,0.000	0.041,0.012	0.036,0.023	0.028,0.032	0.018,0.038	0.007,0.042	-0.005,0.042	-0.016,0.039	0.000,0.000	
-0.016,0.028	-0.023,0.022	-0.028,0.015	-0.031,0.007	-0.032,-0.002	-0.030,-0.011	-0.026,-0.019	-0.020,-0.025	-0.012,-0.030	-0.003,-0.032	0.006,-0.031	0.014,-0.029	0.021,-0.024	0.027,-0.017	0.031,-0.009	0.032,0.000	0.031,0.009	0.027,0.017	0.021,0.024	0.014,0.029	0.005,0.031	-0.004,0.032	-0.012,0.029	0.000,0.000	
-0.012,0.021	-0.017,0.017	-0.021,0.011	-0.024,0.005	-0.024,-0.002	-0.023,-0.008	-0.019,-0.014	-0.015,-0.019	-0.009,-0.022	-0.002,-0.024	0.004,-0.024	0.011,-0.022	0.016,-0.018	0.021,-0.013	0.023,-0.007	0.024,0.000	0.023,0.007	0.020,0.013	0.016,0.018	0.010,0.022	0.004,0.024	-0.003,0.024	-0.009,0.022	0.000,0.000	
0.000,0.000	0.000,0.000	0.000,0.000	0.000,0.000	0.000,0.000	0.000,0.000	0.000,0.000	0.000,0.000	0.000,0.000	0.000,0.000	0.000,0.000	0.000,0.000	0.000,0.000	0.000,0.000	0.000,0.000	0.000,0.000	0.000,0.000	0.000,0.000	0.000,0.000	0.000,0.000	0.000,0.000	0.000,0.000	0.000,0.000	0.000,0.000	
0.000,0.000	0.000,0.000	0.000,0.000	0.000,0.000	0.000,0.000	0.000,0.000	0.000,0.000	0.000,0.000	0.000,0.000	0.000,0.000	0.000,0.000	0.000,0.000	0.000,0.000	0.000,0.000	0.000,0.000	0.000,0.000	0.000,0.000	0.000,0.000	0.000,0.000	0.000,0.000	0.000,0.000	0.000,0.000	0.000,0.000	0.000,0.000	
0.000,0.000	0.000,0.000	0.000,0.000	0.000,0.000	0.000,0.000	0.000,0.000	0.000,0.000	0.000,0.000	0.000,0.000	0.000,0.000	0.000,0.000	0.000,0.000	0.000,0.000	0.000,0.000	0.000,0.000	0.000,0.000	0.000,0.000	0.000,0.000	0.000,0.000	0.000,0.000	0.000,0.000	0.000,0.000	0.000,0.000	0.000,0.000	


