0.000,0.483	-0.114,0.470	-0.222,0.429	-0.317,0.365	-0.394,0.280	-0.449,0.179	-0.479,0.068	-0.481,-0.047	-0.456,-0.159	-0.406,-0.262	-0.332,-0.351	-0.240,-0.419	-0.134,-0.464	-0.021,-0.483	0.094,-0.474	0.203,-0.439	0.301,-0.378	0.382,-0.297	0.441,-0.198	0.475,-0.089	0.483,0.026	0.463,0.139	0.417,0.245	0.347,0.336	0.258,0.409	0.154,0.458	0.042,0.482	0.000,0.000	
0.000,0.381	-0.090,0.370	-0.175,0.338	-0.250,0.288	-0.311,0.221	-0.354,0.141	-0.377,0.053	-0.379,-0.037	-0.360,-0.125	-0.320,-0.207	-0.262,-0.276	-0.189,-0.330	-0.106,-0.366	-0.017,-0.380	0.074,-0.374	0.160,-0.346	0.237,-0.298	0.301,-0.234	0.347,-0.156	0.374,-0.070	0.380,0.021	0.365,0.110	0.328,0.193	0.274,0.265	0.203,0.322	0.122,0.361	0.033,0.379	0.000,0.000	
0.000,0.300	-0.071,0.292	-0.138,0.267	-0.197,0.227	-0.245,0.174	-0.279,0.111	-0.297,0.042	-0.299,-0.029	-0.283,-0.099	-0.252,-0.163	-0.206,-0.218	-0.149,-0.260	-0.083,-0.288	-0.013,-0.300	0.058,-0.294	0.126,-0.272	0.187,-0.235	0.237,-0.184	0.274,-0.123	0.295,-0.055	0.300,0.016	0.287,0.087	0.259,0.152	0.216,0.209	0.160,0.254	0.096,0.284	0.026,0.299	0.000,0.000	
0.000,0.236	-0.056,0.230	-0.108,0.210	-0.155,0.179	-0.193,0.137	-0.220,0.088	-0.234,0.033	-0.235,-0.023	-0.223,-0.078	-0.199,-0.128	-0.163,-0.172	-0.117,-0.205	-0.066,-0.227	-0.010,-0.236	0.046,-0.232	0.099,-0.215	0.147,-0.185	0.187,-0.145	0.216,-0.097	0.232,-0.043	0.236,0.013	0.226,0.068	0.204,0.120	0.170,0.164	0.126,0.200	0.076,0.224	0.020,0.236	0.000,0.000	
0.000,0.186	-0.044,0.181	-0.085,0.166	-0.122,0.141	-0.152,0.108	-0.173,0.069	-0.184,0.026	-0.185,-0.018	-0.176,-0.061	-0.156,-0.101	-0.128,-0.135	-0.093,-0.162	-0.052,-0.179	-0.008,-0.186	0.036,-0.183	0.078,-0.169	0.116,-0.146	0.147,-0.114	0.170,-0.076	0.183,-0.034	0.186,0.010	0.178,0.054	0.161,0.094	0.134,0.130	0.099,0.158	0.060,0.177	0.016,0.186	0.000,0.000	
0.000,0.147	-0.035,0.143	-0.067,0.130	-0.096,0.111	-0.120,0.085	-0.136,0.054	-0.145,0.021	-0.146,-0.014	-0.139,-0.048	-0.123,-0.080	-0.101,-0.107	-0.073,-0.127	-0.041,-0.141	-0.006,-0.147	0.028,-0.144	0.062,-0.133	0.091,-0.115	0.116,-0.090	0.134,-0.060	0.144,-0.027	0.147,0.008	0.141,0.042	0.127,0.074	0.105,0.102	0.078,0.124	0.047,0.139	0.013,0.146	0.000,0.000	
0.000,0.116	-0.027,0.112	-0.053,0.103	-0.076,0.087	-0.094,0.067	-0.107,0.043	-0.115,0.016	-0.115,-0.011	-0.109,-0.038	-0.097,-0.063	-0.080,-0.084	-0.057,-0.100	-0.032,-0.111	-0.005,-0.116	0.022,-0.113	0.049,-0.105	0.072,-0.091	0.091,-0.071	0.105,-0.047	0.114,-0.021	0.116,0.006	0.111,0.033	0.100,0.059	0.083,0.080	0.062,0.098	0.037,0.110	0.010,0.115	0.000,0.000	
0.000,0.091	-0.022,0.089	-0.042,0.081	-0.060,0.069	-0.074,0.053	-0.085,0.034	-0.090,0.013	-0.091,-0.009	-0.086,-0.030	-0.077,-0.049	-0.063,-0.066	-0.045,-0.079	-0.025,-0.088	-0.004,-0.091	0.018,-0.089	0.038,-0.083	0.057,-0.071	0.072,-0.056	0.083,-0.037	0.090,-0.017	0.091,0.005	0.087,0.026	0.079,0.046	0.065,0.063	0.049,0.077	0.029,0.086	0.008,0.091	0.000,0.000	
0.000,0.072	-0.017,0.070	-0.033,0.064	-0.047,0.054	-0.059,0.042	-0.067,0.027	-0.071,0.010	-0.071,-0.007	-0.068,-0.024	-0.060,-0.039	-0.049,-0.052	-0.036,-0.062	-0.020,-0.069	-0.003,-0.072	0.014,-0.070	0.030,-0.065	0.045,-0.056	0.057,-0.044	0.065,-0.029	0.071,-0.013	0.072,0.004	0.069,0.021	0.062,0.036	0.052,0.050	0.038,0.061	0.023,0.068	0.006,0.072	0.000,0.000	
0.000,0.057	-0.013,0.055	-0.026,0.050	-0.037,0.043	-0.046,0.033	-0.053,0.021	-0.056,0.008	-0.056,-0.006	-0.053,-0.019	-0.048,-0.031	-0.039,-0.041	-0.028,-0.049	-0.016,-0.054	-0.002,-0.057	0.011,-0.056	0.024,-0.051	0.035,-0.044	0.045,-0.035	0.052,-0.023	0.056,-0.010	0.057,0.003	0.054,0.016	0.049,0.029	0.041,0.039	0.030,0.048	0.018,0.054	0.005,0.056	0.000,0.000	
0.000,0.045	-0.011,0.043	-0.020,0.040	-0.029,0.034	-0.036,0.026	-0.041,0.017	-0.044,0.006	-0.044,-0.004	-0.042,-0.015	-0.037,-0.024	-0.031,-0.032	-0.022,-0.039	-0.012,-0.043	-0.002,-0.045	0.009,-0.044	0.019,-0.040	0.028,-0.035	0.035,-0.027	0.041,-0.018	0.044,-0.008	0.045,0.002	0.043,0.013	0.038,0.023	0.032,0.031	0.024,0.038	0.014,0.042	0.004,0.044	0.000,0.000	
0.000,0.035	-0.008,0.034	-0.016,0.031	-0.023,0.027	-0.029,0.020	-0.033,0.013	-0.035,0.005	-0.035,-0.003	-0.033,-0.012	-0.029,-0.019	-0.024,-0.026	-0.017,-0.030	-0.010,-0.034	-0.002,-0.035	0.007,-0.034	0.015,-0.032	0.022,-0.028	0.028,-0.022	0.032,-0.014	0.035,-0.006	0.035,0.002	0.034,0.010	0.030,0.018	0.025,0.024	0.019,0.030	0.011,0.033	0.003,0.035	0.000,0.000	
0.000,0.028	-0.007,0.027	-0.013,0.025	-0.018,0.021	-0.023,0.016	-0.026,0.010	-0.027,0.004	-0.028,-0.003	-0.026,-0.009	-0.023,-0.015	-0.019,-0.020	-0.014,-0.024	-0.008,-0.027	-0.001,-0.028	0.005,-0.027	0.012,-0.025	0.017,-0.022	0.022,-0.017	0.025,-0.011	0.027,-0.005	0.028,0.001	0.027,0.008	0.024,0.014	0.020,0.019	0.015,0.023	0.009,0.026	0.002,0.028	0.000,0.000	
0.000,0.022	-0.005,0.021	-0.010,0.019	-0.014,0.016	-0.018,0.013	-0.020,0.008	-0.022,0.003	-0.022,-0.002	-0.021,-0.007	-0.018,-0.012	-0.015,-0.016	-0.011,-0.019	-0.006,-0.021	-0.001,-0.022	0.004,-0.021	0.009,-0.020	0.014,-0.017	0.017,-0.013	0.020,-0.009	0.021,-0.004	0.022,0.001	0.021,0.006	0.019,0.011	0.016,0.015	0.012,0.018	0.007,0.021	0.002,0.022	0.000,0.000	
0.000,0.000	0.000,0.000	0.000,0.000	0.000,0.000	0.000,0.000	0.000,0.000	0.000,0.000	0.000,0.000	0.000,0.000	0.000,0.000	0.000,0.000	0.000,0.000	0.000,0.000	0.000,0.000	0.000,0.000	0.000,0.000	0.000,0.000	0.000,0.000	0.000,0.000	0.000,0.000	0.000,0.000	0.000,0.000	0.000,0.000	0.000,0.000	0.000,0.000	0.000,0.000	0.000,0.000	0.000,0.000	


0.225,0.428	0.117,0.469	0.003,0.483	-0.111,0.470	-0.219,0.431	-0.314,0.367	-0.392,0.282	-0.448,0.182	-0.478,0.071	-0.481,-0.044	-0.457,-0.156	-0.408,-0.260	-0.335,-0.349	-0.243,-0.418	-0.137,-0.463	-0.024,-0.483	0.090,-0.475	0.200,-0.440	0.298,-0.380	0.380,-0.299	0.439,-0.201	0.475,-0.092	0.483,0.023	0.464,0.136	0.418,0.242	0.350,0.334	0.261,0.407	0.000,0.000	
0.177,0.337	0.092,0.369	0.003,0.381	-0.087,0.371	-0.172,0.340	-0.248,0.289	-0.309,0.223	-0.353,0.143	-0.377,0.056	-0.379,-0.035	-0.360,-0.123	-0.321,-0.205	-0.264,-0.275	-0.191,-0.329	-0.108,-0.365	-0.019,-0.380	0.071,-0.374	0.158,-0.347	0.235,-0.300	0.299,-0.236	0.346,-0.158	0.374,-0.072	0.380,0.018	0.365,0.107	0.330,0.191	0.275,0.263	0.206,0.321	0.000,0.000	
0.139,0.266	0.073,0.291	0.002,0.300	-0.069,0.292	-0.136,0.268	-0.195,0.228	-0.243,0.175	-0.278,0.113	-0.297,0.044	-0.299,-0.027	-0.284,-0.097	-0.253,-0.161	-0.208,-0.216	-0.151,-0.259	-0.085,-0.288	-0.015,-0.300	0.056,-0.295	0.124,-0.273	0.185,-0.236	0.236,-0.186	0.273,-0.125	0.295,-0.057	0.300,0.014	0.288,0.085	0.260,0.150	0.217,0.207	0.162,0.253	0.000,0.000	
0.110,0.209	0.057,0.229	0.002,0.236	-0.054,0.230	-0.107,0.211	-0.154,0.180	-0.192,0.138	-0.219,0.089	-0.234,0.035	-0.235,-0.021	-0.224,-0.076	-0.199,-0.127	-0.164,-0.171	-0.119,-0.204	-0.067,-0.227	-0.012,-0.236	0.044,-0.232	0.098,-0.215	0.146,-0.186	0.186,-0.146	0.215,-0.098	0.232,-0.045	0.236,0.011	0.227,0.067	0.205,0.118	0.171,0.163	0.128,0.199	0.000,0.000	
0.087,0.165	0.045,0.181	0.001,0.186	-0.043,0.181	-0.084,0.166	-0.121,0.141	-0.151,0.109	-0.173,0.070	-0.184,0.027	-0.186,-0.017	-0.176,-0.060	-0.157,-0.100	-0.129,-0.134	-0.094,-0.161	-0.053,-0.179	-0.009,-0.186	0.035,-0.183	0.077,-0.170	0.115,-0.147	0.146,-0.115	0.169,-0.078	0.183,-0.035	0.186,0.009	0.179,0.053	0.161,0.093	0.135,0.129	0.101,0.157	0.000,0.000	
0.068,0.130	0.036,0.142	0.001,0.147	-0.034,0.143	-0.066,0.131	-0.095,0.111	-0.119,0.086	-0.136,0.055	-0.145,0.022	-0.146,-0.013	-0.139,-0.047	-0.124,-0.079	-0.102,-0.106	-0.074,-0.127	-0.042,-0.141	-0.007,-0.147	0.027,-0.144	0.061,-0.134	0.091,-0.116	0.115,-0.091	0.133,-0.061	0.144,-0.028	0.147,0.007	0.141,0.041	0.127,0.073	0.106,0.101	0.079,0.124	0.000,0.000	
0.054,0.102	0.028,0.112	0.001,0.116	-0.027,0.113	-0.052,0.103	-0.075,0.088	-0.094,0.068	-0.107,0.044	-0.114,0.017	-0.115,-0.010	-0.109,-0.037	-0.098,-0.062	-0.080,-0.083	-0.058,-0.100	-0.033,-0.111	-0.006,-0.116	0.022,-0.114	0.048,-0.105	0.071,-0.091	0.091,-0.072	0.105,-0.048	0.114,-0.022	0.116,0.005	0.111,0.033	0.100,0.058	0.084,0.080	0.062,0.097	0.000,0.000	
0.042,0.081	0.022,0.088	0.001,0.091	-0.021,0.089	-0.041,0.081	-0.059,0.069	-0.074,0.053	-0.084,0.034	-0.090,0.013	-0.091,-0.008	-0.086,-0.029	-0.077,-0.049	-0.063,-0.066	-0.046,-0.079	-0.026,-0.087	-0.005,-0.091	0.017,-0.090	0.038,-0.083	0.056,-0.072	0.072,-0.056	0.083,-0.038	0.089,-0.017	0.091,0.004	0.087,0.026	0.079,0.046	0.066,0.063	0.049,0.077	0.000,0.000	
0.033,0.064	0.017,0.070	0.000,0.072	-0.016,0.070	-0.033,0.064	-0.047,0.055	-0.058,0.042	-0.067,0.027	-0.071,0.011	-0.072,-0.007	-0.068,-0.023	-0.061,-0.039	-0.050,-0.052	-0.036,-0.062	-0.020,-0.069	-0.004,-0.072	0.013,-0.071	0.030,-0.065	0.044,-0.057	0.056,-0.044	0.065,-0.030	0.071,-0.014	0.072,0.003	0.069,0.020	0.062,0.036	0.052,0.050	0.039,0.060	0.000,0.000	
0.026,0.050	0.014,0.055	0.000,0.057	-0.013,0.055	-0.026,0.050	-0.037,0.043	-0.046,0.033	-0.052,0.021	-0.056,0.008	-0.056,-0.005	-0.054,-0.018	-0.048,-0.030	-0.039,-0.041	-0.028,-0.049	-0.016,-0.054	-0.003,-0.057	0.011,-0.056	0.023,-0.052	0.035,-0.045	0.044,-0.035	0.051,-0.024	0.056,-0.011	0.057,0.003	0.054,0.016	0.049,0.028	0.041,0.039	0.031,0.048	0.000,0.000	
0.021,0.039	0.011,0.043	0.000,0.045	-0.010,0.043	-0.020,0.040	-0.029,0.034	-0.036,0.026	-0.041,0.017	-0.044,0.007	-0.044,-0.004	-0.042,-0.014	-0.038,-0.024	-0.031,-0.032	-0.022,-0.039	-0.013,-0.043	-0.002,-0.045	0.008,-0.044	0.018,-0.041	0.028,-0.035	0.035,-0.028	0.041,-0.019	0.044,-0.008	0.045,0.002	0.043,0.013	0.039,0.022	0.032,0.031	0.024,0.038	0.000,0.000	
0.016,0.031	0.009,0.034	0.000,0.035	-0.008,0.034	-0.016,0.031	-0.023,0.027	-0.029,0.021	-0.033,0.013	-0.035,0.005	-0.035,-0.003	-0.033,-0.011	-0.030,-0.019	-0.024,-0.025	-0.018,-0.030	-0.010,-0.034	-0.002,-0.035	0.007,-0.035	0.015,-0.032	0.022,-0.028	0.028,-0.022	0.032,-0.015	0.034,-0.007	0.035,0.002	0.034,0.010	0.030,0.018	0.025,0.024	0.019,0.030	0.000,0.000	
0.013,0.025	0.007,0.027	0.000,0.028	-0.006,0.027	-0.013,0.025	-0.018,0.021	-0.022,0.016	-0.026,0.010	-0.027,0.004	-0.028,-0.003	-0.026,-0.009	-0.023,-0.015	-0.019,-0.020	-0.014,-0.024	-0.008,-0.027	-0.001,-0.028	0.005,-0.027	0.011,-0.025	0.017,-0.022	0.022,-0.017	0.025,-0.012	0.027,-0.005	0.028,0.001	0.027,0.008	0.024,0.014	0.020,0.019	0.015,0.023	0.000,0.000	
0.010,0.019	0.005,0.021	0.000,0.022	-0.005,0.021	-0.010,0.019	-0.014,0.017	-0.018,0.013	-0.020,0.008	-0.022,0.003	-0.022,-0.002	-0.021,-0.007	-0.018,-0.012	-0.015,-0.016	-0.011,-0.019	-0.006,-0.021	-0.001,-0.022	0.004,-0.021	0.009,-0.020	0.013,-0.017	0.017,-0.014	0.020,-0.009	0.021,-0.004	0.022,0.001	0.021,0.006	0.019,0.011	0.016,0.015	0.012,0.018	0.000,0.000	
0.000,0.000	0.000,0.000	0.000,0.000	0.000,0.000	0.000,0.000	0.000,0.000	0.000,0.000	0.000,0.000	0.000,0.000	0.000,0.000	0.000,0.000	0.000,0.000	0.000,0.000	0.000,0.000	0.000,0.000	0.000,0.000	0.000,0.000	0.000,0.000	0.000,0.000	0.000,0.000	0.000,0.000	0.000,0.000	0.000,0.000	0.000,0.000	0.000,0.000	0.000,0.000	0.000,0.000	0.000,0.000	


0.398,0.275	0.322,0.361	0.227,0.426	0.120,0.468	0.006,0.483	-0.108,0.471	-0.216,0.432	-0.312,0.369	-0.390,0.285	-0.447,0.185	-0.478,0.074	-0.482,-0.041	-0.458,-0.153	-0.409,-0.257	-0.337,-0.346	-0.246,-0.416	-0.141,-0.462	-0.027,-0.483	0.087,-0.475	0.197,-0.441	0.296,-0.382	0.378,-0.302	0.438,-0.204	0.474,-0.095	0.483,0.020	0.465,0.133	0.420,0.239	0.000,0.000	
0.313,0.216	0.253,0.284	0.179,0.336	0.095,0.369	0.005,0.381	-0.085,0.371	-0.170,0.341	-0.246,0.291	-0.308,0.225	-0.352,0.146	-0.376,0.058	-0.379,-0.032	-0.361,-0.121	-0.323,-0.203	-0.266,-0.273	-0.194,-0.328	-0.111,-0.364	-0.022,-0.380	0.069,-0.375	0.155,-0.348	0.233,-0.301	0.298,-0.238	0.345,-0.161	0.373,-0.075	0.381,0.016	0.366,0.105	0.331,0.188	0.000,0.000	
0.247,0.170	0.200,0.224	0.141,0.265	0.075,0.291	0.004,0.300	-0.067,0.293	-0.134,0.268	-0.194,0.229	-0.242,0.177	-0.277,0.115	-0.297,0.046	-0.299,-0.025	-0.285,-0.095	-0.254,-0.160	-0.209,-0.215	-0.153,-0.258	-0.087,-0.287	-0.017,-0.300	0.054,-0.295	0.122,-0.274	0.184,-0.237	0.234,-0.187	0.272,-0.127	0.294,-0.059	0.300,0.012	0.288,0.083	0.261,0.148	0.000,0.000	
0.195,0.134	0.157,0.176	0.111,0.209	0.059,0.229	0.003,0.236	-0.053,0.230	-0.106,0.212	-0.153,0.181	-0.191,0.139	-0.218,0.090	-0.234,0.036	-0.236,-0.020	-0.224,-0.075	-0.200,-0.126	-0.165,-0.169	-0.120,-0.204	-0.069,-0.226	-0.013,-0.236	0.043,-0.233	0.096,-0.216	0.145,-0.187	0.185,-0.148	0.214,-0.100	0.232,-0.046	0.236,0.010	0.227,0.065	0.205,0.117	0.000,0.000	
0.153,0.106	0.124,0.139	0.088,0.164	0.046,0.180	0.002,0.186	-0.042,0.182	-0.083,0.167	-0.120,0.142	-0.150,0.110	-0.172,0.071	-0.184,0.029	-0.186,-0.016	-0.177,-0.059	-0.158,-0.099	-0.130,-0.134	-0.095,-0.160	-0.054,-0.178	-0.011,-0.186	0.034,-0.183	0.076,-0.170	0.114,-0.147	0.146,-0.116	0.169,-0.079	0.183,-0.037	0.186,0.008	0.179,0.051	0.162,0.092	0.000,0.000	
0.121,0.083	0.098,0.110	0.069,0.130	0.037,0.142	0.002,0.147	-0.033,0.143	-0.066,0.131	-0.095,0.112	-0.119,0.087	-0.136,0.056	-0.145,0.023	-0.146,-0.012	-0.139,-0.047	-0.124,-0.078	-0.102,-0.105	-0.075,-0.126	-0.043,-0.140	-0.008,-0.147	0.027,-0.144	0.060,-0.134	0.090,-0.116	0.115,-0.092	0.133,-0.062	0.144,-0.029	0.147,0.006	0.141,0.040	0.128,0.073	0.000,0.000	
0.095,0.066	0.077,0.086	0.054,0.102	0.029,0.112	0.002,0.116	-0.026,0.113	-0.052,0.103	-0.075,0.088	-0.093,0.068	-0.107,0.044	-0.114,0.018	-0.115,-0.010	-0.110,-0.037	-0.098,-0.062	-0.081,-0.083	-0.059,-0.100	-0.034,-0.111	-0.007,-0.115	0.021,-0.114	0.047,-0.106	0.071,-0.092	0.090,-0.072	0.105,-0.049	0.113,-0.023	0.116,0.005	0.111,0.032	0.101,0.057	0.000,0.000	
0.075,0.052	0.061,0.068	0.043,0.080	0.023,0.088	0.001,0.091	-0.020,0.089	-0.041,0.082	-0.059,0.070	-0.074,0.054	-0.084,0.035	-0.090,0.014	-0.091,-0.008	-0.086,-0.029	-0.077,-0.048	-0.064,-0.065	-0.046,-0.078	-0.027,-0.087	-0.005,-0.091	0.016,-0.090	0.037,-0.083	0.056,-0.072	0.071,-0.057	0.083,-0.038	0.089,-0.018	0.091,0.004	0.088,0.025	0.079,0.045	0.000,0.000	
0.059,0.041	0.048,0.054	0.034,0.063	0.018,0.070	0.001,0.072	-0.016,0.070	-0.032,0.064	-0.046,0.055	-0.058,0.042	-0.066,0.027	-0.071,0.011	-0.072,-0.006	-0.068,-0.023	-0.061,-0.038	-0.050,-0.051	-0.037,-0.062	-0.021,-0.069	-0.004,-0.072	0.013,-0.071	0.029,-0.066	0.044,-0.057	0.056,-0.045	0.065,-0.030	0.070,-0.014	0.072,0.003	0.069,0.020	0.062,0.036	0.000,0.000	
0.047,0.032	0.038,0.042	0.027,0.050	0.014,0.055	0.001,0.057	-0.013,0.055	-0.025,0.051	-0.037,0.043	-0.046,0.033	-0.052,0.022	-0.056,0.009	-0.056,-0.005	-0.054,-0.018	-0.048,-0.030	-0.039,-0.041	-0.029,-0.049	-0.016,-0.054	-0.003,-0.056	0.010,-0.056	0.023,-0.052	0.035,-0.045	0.044,-0.035	0.051,-0.024	0.055,-0.011	0.057,0.002	0.054,0.016	0.049,0.028	0.000,0.000	
0.037,0.025	0.030,0.033	0.021,0.039	0.011,0.043	0.001,0.045	-0.010,0.043	-0.020,0.040	-0.029,0.034	-0.036,0.026	-0.041,0.017	-0.044,0.007	-0.044,-0.004	-0.042,-0.014	-0.038,-0.024	-0.031,-0.032	-0.023,-0.038	-0.013,-0.043	-0.003,-0.045	0.008,-0.044	0.018,-0.041	0.027,-0.035	0.035,-0.028	0.040,-0.019	0.044,-0.009	0.045,0.002	0.043,0.012	0.039,0.022	0.000,0.000	
0.029,0.020	0.023,0.026	0.017,0.031	0.009,0.034	0.000,0.035	-0.008,0.034	-0.016,0.031	-0.023,0.027	-0.028,0.021	-0.032,0.013	-0.035,0.005	-0.035,-0.003	-0.033,-0.011	-0.030,-0.019	-0.024,-0.025	-0.018,-0.030	-0.010,-0.034	-0.002,-0.035	0.006,-0.035	0.014,-0.032	0.021,-0.028	0.027,-0.022	0.032,-0.015	0.034,-0.007	0.035,0.001	0.034,0.010	0.031,0.017	0.000,0.000	
0.023,0.016	0.018,0.021	0.013,0.024	0.007,0.027	0.000,0.028	-0.006,0.027	-0.012,0.025	-0.018,0.021	-0.022,0.016	-0.026,0.011	-0.027,0.004	-0.028,-0.002	-0.026,-0.009	-0.023,-0.015	-0.019,-0.020	-0.014,-0.024	-0.008,-0.026	-0.002,-0.028	0.005,-0.027	0.011,-0.025	0.017,-0.022	0.022,-0.017	0.025,-0.012	0.027,-0.005	0.028,0.001	0.027,0.008	0.024,0.014	0.000,0.000	
0.018,0.012	0.015,0.016	0.010,0.019	0.005,0.021	0.000,0.022	-0.005,0.021	-0.010,0.020	-0.014,0.017	-0.018,0.013	-0.020,0.008	-0.022,0.003	-0.022,-0.002	-0.021,-0.007	-0.018,-0.012	-0.015,-0.016	-0.011,-0.019	-0.006,-0.021	-0.001,-0.022	0.004,-0.021	0.009,-0.020	0.013,-0.017	0.017,-0.014	0.020,-0.009	0.021,-0.004	0.022,0.001	0.021,0.006	0.019,0.011	0.000,0.000	
0.000,0.000	0.000,0.000	0.000,0.000	0.000,0.000	0.000,0.000	0.000,0.000	0.000,0.000	0.000,0.000	0.000,0.000	0.000,0.000	0.000,0.000	0.000,0.000	0.000,0.000	0.000,0.000	0.000,0.000	0.000,0.000	0.000,0.000	0.000,0.000	0.000,0.000	0.000,0.000	0.000,0.000	0.000,0.000	0.000,0.000	0.000,0.000	0.000,0.000	0.000,0.000	0.000,0.000	0.000,0.000	


0.480,0.058	0.452,0.170	0.400,0.272	0.324,0.359	0.230,0.425	0.123,0.467	0.010,0.483	-0.105,0.472	-0.213,0.434	-0.309,0.371	-0.388,0.288	-0.445,0.188	-0.477,0.077	-0.482,-0.037	-0.459,-0.150	-0.411,-0.254	-0.339,-0.344	-0.249,-0.415	-0.144,-0.461	-0.031,-0.482	0.084,-0.476	0.194,-0.443	0.293,-0.384	0.376,-0.304	0.437,-0.207	0.473,-0.098	0.483,0.016	0.000,0.000	
0.378,0.046	0.357,0.134	0.315,0.214	0.255,0.283	0.181,0.335	0.097,0.368	0.008,0.381	-0.082,0.372	-0.168,0.342	-0.244,0.293	-0.306,0.227	-0.351,0.148	-0.376,0.061	-0.380,-0.029	-0.362,-0.118	-0.324,-0.200	-0.267,-0.271	-0.196,-0.327	-0.113,-0.364	-0.024,-0.380	0.066,-0.375	0.153,-0.349	0.231,-0.303	0.296,-0.240	0.344,-0.163	0.373,-0.077	0.381,0.013	0.000,0.000	
0.298,0.036	0.281,0.105	0.248,0.169	0.201,0.223	0.143,0.264	0.077,0.290	0.006,0.300	-0.065,0.293	-0.132,0.269	-0.192,0.230	-0.241,0.179	-0.276,0.117	-0.296,0.048	-0.299,-0.023	-0.285,-0.093	-0.255,-0.158	-0.211,-0.214	-0.154,-0.257	-0.089,-0.287	-0.019,-0.299	0.052,-0.295	0.121,-0.275	0.182,-0.239	0.233,-0.189	0.271,-0.129	0.294,-0.061	0.300,0.010	0.000,0.000	
0.235,0.029	0.221,0.083	0.195,0.133	0.159,0.175	0.113,0.208	0.060,0.229	0.005,0.236	-0.051,0.231	-0.104,0.212	-0.151,0.182	-0.190,0.141	-0.218,0.092	-0.233,0.038	-0.236,-0.018	-0.225,-0.073	-0.201,-0.124	-0.166,-0.168	-0.122,-0.203	-0.070,-0.226	-0.015,-0.236	0.041,-0.233	0.095,-0.217	0.143,-0.188	0.184,-0.149	0.214,-0.101	0.232,-0.048	0.236,0.008	0.000,0.000	
0.185,0.022	0.174,0.065	0.154,0.105	0.125,0.138	0.089,0.164	0.048,0.180	0.004,0.186	-0.040,0.182	-0.082,0.167	-0.119,0.143	-0.150,0.111	-0.172,0.072	-0.184,0.030	-0.186,-0.014	-0.177,-0.058	-0.158,-0.098	-0.131,-0.133	-0.096,-0.160	-0.055,-0.178	-0.012,-0.186	0.032,-0.183	0.075,-0.171	0.113,-0.148	0.145,-0.117	0.168,-0.080	0.182,-0.038	0.186,0.006	0.000,0.000	
0.146,0.018	0.137,0.052	0.121,0.083	0.098,0.109	0.070,0.129	0.038,0.142	0.003,0.147	-0.032,0.143	-0.065,0.132	-0.094,0.113	-0.118,0.087	-0.135,0.057	-0.145,0.024	-0.146,-0.011	-0.140,-0.046	-0.125,-0.077	-0.103,-0.105	-0.075,-0.126	-0.044,-0.140	-0.009,-0.147	0.026,-0.145	0.059,-0.134	0.089,-0.117	0.114,-0.092	0.133,-0.063	0.144,-0.030	0.147,0.005	0.000,0.000	
0.115,0.014	0.108,0.041	0.096,0.065	0.078,0.086	0.055,0.102	0.030,0.112	0.002,0.116	-0.025,0.113	-0.051,0.104	-0.074,0.089	-0.093,0.069	-0.107,0.045	-0.114,0.019	-0.115,-0.009	-0.110,-0.036	-0.098,-0.061	-0.081,-0.082	-0.059,-0.099	-0.034,-0.110	-0.007,-0.115	0.020,-0.114	0.046,-0.106	0.070,-0.092	0.090,-0.073	0.105,-0.050	0.113,-0.023	0.116,0.004	0.000,0.000	
0.090,0.011	0.085,0.032	0.075,0.051	0.061,0.068	0.043,0.080	0.023,0.088	0.002,0.091	-0.020,0.089	-0.040,0.082	-0.058,0.070	-0.073,0.054	-0.084,0.035	-0.090,0.015	-0.091,-0.007	-0.087,-0.028	-0.078,-0.048	-0.064,-0.065	-0.047,-0.078	-0.027,-0.087	-0.006,-0.091	0.016,-0.090	0.037,-0.083	0.055,-0.072	0.071,-0.057	0.082,-0.039	0.089,-0.018	0.091,0.003	0.000,0.000	
0.071,0.009	0.067,0.025	0.059,0.040	0.048,0.053	0.034,0.063	0.018,0.069	0.001,0.072	-0.016,0.070	-0.032,0.064	-0.046,0.055	-0.058,0.043	-0.066,0.028	-0.071,0.012	-0.072,-0.006	-0.068,-0.022	-0.061,-0.038	-0.050,-0.051	-0.037,-0.062	-0.021,-0.069	-0.005,-0.072	0.012,-0.071	0.029,-0.066	0.044,-0.057	0.056,-0.045	0.065,-0.031	0.070,-0.015	0.072,0.002	0.000,0.000	
0.056,0.007	0.053,0.020	0.047,0.032	0.038,0.042	0.027,0.050	0.014,0.055	0.001,0.057	-0.012,0.055	-0.025,0.051	-0.036,0.043	-0.045,0.034	-0.052,0.022	-0.056,0.009	-0.056,-0.004	-0.054,-0.018	-0.048,-0.030	-0.040,-0.040	-0.029,-0.049	-0.017,-0.054	-0.004,-0.056	0.010,-0.056	0.023,-0.052	0.034,-0.045	0.044,-0.036	0.051,-0.024	0.055,-0.011	0.057,0.002	0.000,0.000	
0.044,0.005	0.042,0.016	0.037,0.025	0.030,0.033	0.021,0.039	0.011,0.043	0.001,0.045	-0.010,0.044	-0.020,0.040	-0.029,0.034	-0.036,0.027	-0.041,0.017	-0.044,0.007	-0.044,-0.003	-0.042,-0.014	-0.038,-0.023	-0.031,-0.032	-0.023,-0.038	-0.013,-0.043	-0.003,-0.044	0.008,-0.044	0.018,-0.041	0.027,-0.035	0.035,-0.028	0.040,-0.019	0.044,-0.009	0.045,0.002	0.000,0.000	
0.035,0.004	0.033,0.012	0.029,0.020	0.024,0.026	0.017,0.031	0.009,0.034	0.001,0.035	-0.008,0.034	-0.015,0.032	-0.022,0.027	-0.028,0.021	-0.032,0.014	-0.035,0.006	-0.035,-0.003	-0.033,-0.011	-0.030,-0.018	-0.025,-0.025	-0.018,-0.030	-0.010,-0.034	-0.002,-0.035	0.006,-0.035	0.014,-0.032	0.021,-0.028	0.027,-0.022	0.032,-0.015	0.034,-0.007	0.035,0.001	0.000,0.000	
0.027,0.003	0.026,0.010	0.023,0.016	0.019,0.021	0.013,0.024	0.007,0.027	0.001,0.028	-0.006,0.027	-0.012,0.025	-0.018,0.021	-0.022,0.016	-0.026,0.011	-0.027,0.004	-0.028,-0.002	-0.026,-0.009	-0.024,-0.015	-0.019,-0.020	-0.014,-0.024	-0.008,-0.026	-0.002,-0.028	0.005,-0.027	0.011,-0.025	0.017,-0.022	0.022,-0.017	0.025,-0.012	0.027,-0.006	0.028,0.001	0.000,0.000	
0.022,0.003	0.020,0.008	0.018,0.012	0.015,0.016	0.010,0.019	0.006,0.021	0.000,0.022	-0.005,0.021	-0.010,0.020	-0.014,0.017	-0.018,0.013	-0.020,0.008	-0.022,0.003	-0.022,-0.002	-0.021,-0.007	-0.019,-0.011	-0.015,-0.016	-0.011,-0.019	-0.006,-0.021	-0.001,-0.022	0.004,-0.021	0.009,-0.020	0.013,-0.017	0.017,-0.014	0.020,-0.009	0.021,-0.004	0.022,0.001	0.000,0.000	
0.000,0.000	0.000,0.000	0.000,0.000	0.000,0.000	0.000,0.000	0.000,0.000	0.000,0.000	0.000,0.000	0.000,0.000	0.000,0.000	0.000,0.000	0.000,0.000	0.000,0.000	0.000,0.000	0.000,0.000	0.000,0.000	0.000,0.000	0.000,0.000	0.000,0.000	0.000,0.000	0.000,0.000	0.000,0.000	0.000,0.000	0.000,0.000	0.000,0.000	0.000,0.000	0.000,0.000	0.000,0.000	


0.452,-0.171	0.480,-0.060	0.480,0.055	0.454,0.167	0.401,0.269	0.326,0.356	0.233,0.423	0.127,0.466	0.013,0.483	-0.102,0.473	-0.210,0.435	-0.307,0.373	-0.386,0.290	-0.444,0.191	-0.477,0.081	-0.482,-0.034	-0.460,-0.147	-0.413,-0.252	-0.342,-0.342	-0.251,-0.413	-0.147,-0.461	-0.034,-0.482	0.081,-0.476	0.191,-0.444	0.291,-0.386	0.374,-0.307	0.435,-0.210	0.000,0.000	
0.356,-0.135	0.378,-0.047	0.378,0.043	0.357,0.131	0.316,0.212	0.257,0.281	0.184,0.334	0.100,0.368	0.010,0.381	-0.080,0.372	-0.166,0.343	-0.242,0.294	-0.305,0.229	-0.350,0.150	-0.375,0.064	-0.380,-0.027	-0.363,-0.116	-0.325,-0.198	-0.269,-0.269	-0.198,-0.325	-0.116,-0.363	-0.027,-0.380	0.064,-0.375	0.151,-0.350	0.229,-0.304	0.294,-0.242	0.343,-0.165	0.000,0.000	
0.281,-0.106	0.298,-0.037	0.298,0.034	0.282,0.104	0.249,0.167	0.203,0.221	0.145,0.263	0.079,0.290	0.008,0.300	-0.063,0.293	-0.131,0.270	-0.191,0.232	-0.240,0.180	-0.276,0.118	-0.296,0.050	-0.299,-0.021	-0.286,-0.091	-0.256,-0.156	-0.212,-0.212	-0.156,-0.256	-0.091,-0.286	-0.021,-0.299	0.050,-0.296	0.119,-0.276	0.180,-0.240	0.232,-0.190	0.270,-0.130	0.000,0.000	
0.221,-0.084	0.235,-0.029	0.235,0.027	0.222,0.082	0.196,0.132	0.160,0.174	0.114,0.207	0.062,0.228	0.006,0.236	-0.050,0.231	-0.103,0.213	-0.150,0.183	-0.189,0.142	-0.217,0.093	-0.233,0.039	-0.236,-0.017	-0.225,-0.072	-0.202,-0.123	-0.167,-0.167	-0.123,-0.202	-0.072,-0.225	-0.017,-0.236	0.040,-0.233	0.094,-0.217	0.142,-0.189	0.183,-0.150	0.213,-0.103	0.000,0.000	
0.174,-0.066	0.185,-0.023	0.185,0.021	0.175,0.064	0.155,0.104	0.126,0.137	0.090,0.163	0.049,0.180	0.005,0.186	-0.039,0.182	-0.081,0.168	-0.118,0.144	-0.149,0.112	-0.171,0.074	-0.184,0.031	-0.186,-0.013	-0.177,-0.057	-0.159,-0.097	-0.132,-0.132	-0.097,-0.159	-0.057,-0.178	-0.013,-0.186	0.031,-0.184	0.074,-0.171	0.112,-0.149	0.144,-0.118	0.168,-0.081	0.000,0.000	
0.137,-0.052	0.146,-0.018	0.146,0.017	0.138,0.051	0.122,0.082	0.099,0.108	0.071,0.129	0.038,0.142	0.004,0.147	-0.031,0.144	-0.064,0.132	-0.093,0.113	-0.117,0.088	-0.135,0.058	-0.145,0.024	-0.146,-0.010	-0.140,-0.045	-0.125,-0.076	-0.104,-0.104	-0.076,-0.125	-0.045,-0.140	-0.010,-0.146	0.025,-0.145	0.058,-0.135	0.088,-0.117	0.113,-0.093	0.132,-0.064	0.000,0.000	
0.108,-0.041	0.115,-0.014	0.115,0.013	0.109,0.040	0.096,0.064	0.078,0.085	0.056,0.101	0.030,0.112	0.003,0.116	-0.024,0.113	-0.050,0.104	-0.073,0.089	-0.092,0.069	-0.106,0.046	-0.114,0.019	-0.115,-0.008	-0.110,-0.035	-0.099,-0.060	-0.082,-0.082	-0.060,-0.099	-0.035,-0.110	-0.008,-0.115	0.019,-0.114	0.046,-0.106	0.070,-0.092	0.089,-0.073	0.104,-0.050	0.000,0.000	
0.085,-0.032	0.090,-0.011	0.091,0.010	0.086,0.031	0.076,0.051	0.062,0.067	0.044,0.080	0.024,0.088	0.002,0.091	-0.019,0.089	-0.040,0.082	-0.058,0.070	-0.073,0.055	-0.084,0.036	-0.090,0.015	-0.091,-0.006	-0.087,-0.028	-0.078,-0.047	-0.064,-0.064	-0.047,-0.078	-0.028,-0.087	-0.006,-0.091	0.015,-0.090	0.036,-0.084	0.055,-0.073	0.070,-0.058	0.082,-0.040	0.000,0.000	
0.067,-0.025	0.071,-0.009	0.071,0.008	0.067,0.025	0.060,0.040	0.049,0.053	0.035,0.063	0.019,0.069	0.002,0.072	-0.015,0.070	-0.031,0.065	-0.046,0.055	-0.057,0.043	-0.066,0.028	-0.071,0.012	-0.072,-0.005	-0.068,-0.022	-0.061,-0.037	-0.051,-0.051	-0.037,-0.061	-0.022,-0.068	-0.005,-0.072	0.012,-0.071	0.028,-0.066	0.043,-0.057	0.055,-0.046	0.065,-0.031	0.000,0.000	
0.053,-0.020	0.056,-0.007	0.056,0.006	0.053,0.020	0.047,0.032	0.038,0.042	0.027,0.050	0.015,0.055	0.002,0.057	-0.012,0.055	-0.025,0.051	-0.036,0.044	-0.045,0.034	-0.052,0.022	-0.056,0.009	-0.056,-0.004	-0.054,-0.017	-0.048,-0.029	-0.040,-0.040	-0.029,-0.048	-0.017,-0.054	-0.004,-0.056	0.009,-0.056	0.022,-0.052	0.034,-0.045	0.044,-0.036	0.051,-0.025	0.000,0.000	
0.042,-0.016	0.044,-0.006	0.044,0.005	0.042,0.015	0.037,0.025	0.030,0.033	0.022,0.039	0.012,0.043	0.001,0.045	-0.009,0.044	-0.019,0.040	-0.028,0.034	-0.036,0.027	-0.041,0.018	-0.044,0.007	-0.044,-0.003	-0.042,-0.014	-0.038,-0.023	-0.032,-0.032	-0.023,-0.038	-0.014,-0.042	-0.003,-0.044	0.007,-0.044	0.018,-0.041	0.027,-0.036	0.034,-0.028	0.040,-0.019	0.000,0.000	
0.033,-0.012	0.035,-0.004	0.035,0.004	0.033,0.012	0.029,0.020	0.024,0.026	0.017,0.031	0.009,0.034	0.001,0.035	-0.007,0.034	-0.015,0.032	-0.022,0.027	-0.028,0.021	-0.032,0.014	-0.035,0.006	-0.035,-0.002	-0.033,-0.011	-0.030,-0.018	-0.025,-0.025	-0.018,-0.030	-0.011,-0.033	-0.002,-0.035	0.006,-0.035	0.014,-0.032	0.021,-0.028	0.027,-0.022	0.032,-0.015	0.000,0.000	
0.026,-0.010	0.027,-0.003	0.028,0.003	0.026,0.010	0.023,0.015	0.019,0.020	0.013,0.024	0.007,0.027	0.001,0.028	-0.006,0.027	-0.012,0.025	-0.018,0.021	-0.022,0.017	-0.025,0.011	-0.027,0.005	-0.028,-0.002	-0.026,-0.008	-0.024,-0.014	-0.020,-0.020	-0.014,-0.024	-0.008,-0.026	-0.002,-0.028	0.005,-0.027	0.011,-0.025	0.017,-0.022	0.021,-0.018	0.025,-0.012	0.000,0.000	
0.020,-0.008	0.022,-0.003	0.022,0.002	0.020,0.008	0.018,0.012	0.015,0.016	0.011,0.019	0.006,0.021	0.001,0.022	-0.005,0.021	-0.009,0.020	-0.014,0.017	-0.017,0.013	-0.020,0.009	-0.022,0.004	-0.022,-0.002	-0.021,-0.007	-0.019,-0.011	-0.015,-0.015	-0.011,-0.019	-0.007,-0.021	-0.002,-0.022	0.004,-0.022	0.009,-0.020	0.013,-0.017	0.017,-0.014	0.020,-0.009	0.000,0.000	
0.000,0.000	0.000,0.000	0.000,0.000	0.000,0.000	0.000,0.000	0.000,0.000	0.000,0.000	0.000,0.000	0.000,0.000	0.000,0.000	0.000,0.000	0.000,0.000	0.000,0.000	0.000,0.000	0.000,0.000	0.000,0.000	0.000,0.000	0.000,0.000	0.000,0.000	0.000,0.000	0.000,0.000	0.000,0.000	0.000,0.000	0.000,0.000	0.000,0.000	0.000,0.000	0.000,0.000	0.000,0.000	


0.321,-0.362	0.397,-0.276	0.451,-0.174	0.479,-0.063	0.481,0.052	0.455,0.164	0.403,0.267	0.329,0.354	0.236,0.422	0.130,0.466	0.016,0.483	-0.098,0.473	-0.207,0.437	-0.305,0.375	-0.385,0.293	-0.443,0.194	-0.476,0.084	-0.482,-0.031	-0.461,-0.144	-0.414,-0.249	-0.344,-0.340	-0.254,-0.411	-0.150,-0.460	-0.037,-0.482	0.078,-0.477	0.188,-0.445	0.288,-0.388	0.000,0.000	
0.253,-0.285	0.313,-0.217	0.355,-0.137	0.378,-0.050	0.379,0.041	0.358,0.129	0.318,0.210	0.259,0.279	0.186,0.332	0.102,0.367	0.013,0.381	-0.078,0.373	-0.163,0.344	-0.240,0.296	-0.303,0.231	-0.349,0.153	-0.375,0.066	-0.380,-0.024	-0.364,-0.113	-0.326,-0.196	-0.271,-0.268	-0.200,-0.324	-0.118,-0.362	-0.029,-0.380	0.061,-0.376	0.148,-0.351	0.227,-0.306	0.000,0.000	
0.199,-0.225	0.246,-0.171	0.280,-0.108	0.298,-0.039	0.298,0.032	0.282,0.102	0.250,0.165	0.204,0.220	0.146,0.262	0.081,0.289	0.010,0.300	-0.061,0.294	-0.129,0.271	-0.189,0.233	-0.239,0.182	-0.275,0.120	-0.296,0.052	-0.299,-0.019	-0.286,-0.089	-0.257,-0.154	-0.214,-0.211	-0.158,-0.255	-0.093,-0.285	-0.023,-0.299	0.048,-0.296	0.117,-0.276	0.179,-0.241	0.000,0.000	
0.157,-0.177	0.194,-0.135	0.221,-0.085	0.234,-0.031	0.235,0.025	0.222,0.080	0.197,0.130	0.161,0.173	0.115,0.206	0.063,0.228	0.008,0.236	-0.048,0.231	-0.101,0.214	-0.149,0.184	-0.188,0.143	-0.217,0.095	-0.233,0.041	-0.236,-0.015	-0.226,-0.070	-0.203,-0.122	-0.168,-0.166	-0.124,-0.201	-0.073,-0.225	-0.018,-0.236	0.038,-0.233	0.092,-0.218	0.141,-0.190	0.000,0.000	
0.124,-0.139	0.153,-0.106	0.174,-0.067	0.185,-0.024	0.185,0.020	0.175,0.063	0.155,0.103	0.127,0.137	0.091,0.163	0.050,0.179	0.006,0.186	-0.038,0.182	-0.080,0.168	-0.117,0.145	-0.148,0.113	-0.171,0.075	-0.183,0.032	-0.186,-0.012	-0.178,-0.055	-0.160,-0.096	-0.133,-0.131	-0.098,-0.158	-0.058,-0.177	-0.014,-0.186	0.030,-0.184	0.073,-0.172	0.111,-0.150	0.000,0.000	
0.097,-0.110	0.121,-0.084	0.137,-0.053	0.146,-0.019	0.146,0.016	0.138,0.050	0.122,0.081	0.100,0.108	0.072,0.128	0.039,0.141	0.005,0.147	-0.030,0.144	-0.063,0.133	-0.092,0.114	-0.117,0.089	-0.134,0.059	-0.145,0.025	-0.146,-0.009	-0.140,-0.044	-0.126,-0.076	-0.104,-0.103	-0.077,-0.125	-0.045,-0.140	-0.011,-0.146	0.024,-0.145	0.057,-0.135	0.087,-0.118	0.000,0.000	
0.077,-0.087	0.095,-0.066	0.108,-0.042	0.115,-0.015	0.115,0.012	0.109,0.039	0.096,0.064	0.079,0.085	0.056,0.101	0.031,0.111	0.004,0.116	-0.024,0.113	-0.050,0.104	-0.073,0.090	-0.092,0.070	-0.106,0.046	-0.114,0.020	-0.115,-0.007	-0.110,-0.034	-0.099,-0.060	-0.082,-0.081	-0.061,-0.098	-0.036,-0.110	-0.009,-0.115	0.019,-0.114	0.045,-0.107	0.069,-0.093	0.000,0.000	
0.060,-0.068	0.075,-0.052	0.085,-0.033	0.090,-0.012	0.091,0.010	0.086,0.031	0.076,0.050	0.062,0.067	0.044,0.080	0.024,0.088	0.003,0.091	-0.019,0.089	-0.039,0.082	-0.057,0.071	-0.073,0.055	-0.083,0.037	-0.090,0.016	-0.091,-0.006	-0.087,-0.027	-0.078,-0.047	-0.065,-0.064	-0.048,-0.078	-0.028,-0.087	-0.007,-0.091	0.015,-0.090	0.035,-0.084	0.054,-0.073	0.000,0.000	
0.048,-0.054	0.059,-0.041	0.067,-0.026	0.071,-0.009	0.071,0.008	0.068,0.024	0.060,0.040	0.049,0.053	0.035,0.063	0.019,0.069	0.002,0.072	-0.015,0.070	-0.031,0.065	-0.045,0.056	-0.057,0.044	-0.066,0.029	-0.071,0.012	-0.072,-0.005	-0.069,-0.021	-0.062,-0.037	-0.051,-0.050	-0.038,-0.061	-0.022,-0.068	-0.006,-0.072	0.012,-0.071	0.028,-0.066	0.043,-0.058	0.000,0.000	
0.038,-0.042	0.046,-0.032	0.053,-0.020	0.056,-0.007	0.056,0.006	0.053,0.019	0.047,0.031	0.039,0.041	0.028,0.049	0.015,0.055	0.002,0.057	-0.012,0.055	-0.024,0.051	-0.036,0.044	-0.045,0.034	-0.052,0.023	-0.056,0.010	-0.056,-0.004	-0.054,-0.017	-0.049,-0.029	-0.040,-0.040	-0.030,-0.048	-0.018,-0.054	-0.004,-0.056	0.009,-0.056	0.022,-0.052	0.034,-0.045	0.000,0.000	
0.030,-0.033	0.037,-0.025	0.042,-0.016	0.044,-0.006	0.044,0.005	0.042,0.015	0.037,0.025	0.030,0.033	0.022,0.039	0.012,0.043	0.001,0.045	-0.009,0.044	-0.019,0.040	-0.028,0.035	-0.035,0.027	-0.041,0.018	-0.044,0.008	-0.044,-0.003	-0.043,-0.013	-0.038,-0.023	-0.032,-0.031	-0.023,-0.038	-0.014,-0.042	-0.003,-0.044	0.007,-0.044	0.017,-0.041	0.027,-0.036	0.000,0.000	
0.023,-0.026	0.029,-0.020	0.033,-0.013	0.035,-0.005	0.035,0.004	0.033,0.012	0.029,0.019	0.024,0.026	0.017,0.031	0.009,0.034	0.001,0.035	-0.007,0.034	-0.015,0.032	-0.022,0.027	-0.028,0.021	-0.032,0.014	-0.035,0.006	-0.035,-0.002	-0.034,-0.010	-0.030,-0.018	-0.025,-0.025	-0.018,-0.030	-0.011,-0.033	-0.003,-0.035	0.006,-0.035	0.014,-0.032	0.021,-0.028	0.000,0.000	
0.018,-0.021	0.023,-0.016	0.026,-0.010	0.027,-0.004	0.028,0.003	0.026,0.009	0.023,0.015	0.019,0.020	0.014,0.024	0.007,0.027	0.001,0.028	-0.006,0.027	-0.012,0.025	-0.017,0.021	-0.022,0.017	-0.025,0.011	-0.027,0.005	-0.028,-0.002	-0.026,-0.008	-0.024,-0.014	-0.020,-0.019	-0.015,-0.024	-0.009,-0.026	-0.002,-0.028	0.004,-0.027	0.011,-0.025	0.016,-0.022	0.000,0.000	
0.014,-0.016	0.018,-0.012	0.020,-0.008	0.022,-0.003	0.022,0.002	0.021,0.007	0.018,0.012	0.015,0.016	0.011,0.019	0.006,0.021	0.001,0.022	-0.004,0.021	-0.009,0.020	-0.014,0.017	-0.017,0.013	-0.020,0.009	-0.021,0.004	-0.022,-0.001	-0.021,-0.006	-0.019,-0.011	-0.016,-0.015	-0.011,-0.019	-0.007,-0.021	-0.002,-0.022	0.004,-0.022	0.008,-0.020	0.013,-0.018	0.000,0.000	
0.000,0.000	0.000,0.000	0.000,0.000	0.000,0.000	0.000,0.000	0.000,0.000	0.000,0.000	0.000,0.000	0.000,0.000	0.000,0.000	0.000,0.000	0.000,0.000	0.000,0.000	0.000,0.000	0.000,0.000	0.000,0.000	0.000,0.000	0.000,0.000	0.000,0.000	0.000,0.000	0.000,0.000	0.000,0.000	0.000,0.000	0.000,0.000	0.000,0.000	0.000,0.000	0.000,0.000	0.000,0.000	


0.116,-0.469	0.223,-0.429	0.318,-0.364	0.395,-0.279	0.450,-0.177	0.479,-0.066	0.481,0.049	0.456,0.161	0.405,0.264	0.331,0.352	0.239,0.420	0.133,0.465	0.019,0.483	-0.095,0.474	-0.204,0.438	-0.302,0.377	-0.383,0.295	-0.441,0.197	-0.475,0.087	-0.483,-0.028	-0.462,-0.141	-0.416,-0.246	-0.346,-0.337	-0.257,-0.409	-0.153,-0.459	-0.040,-0.482	0.075,-0.478	0.000,0.000	
0.091,-0.370	0.176,-0.338	0.251,-0.287	0.311,-0.219	0.354,-0.140	0.377,-0.052	0.379,0.038	0.359,0.127	0.319,0.208	0.261,0.277	0.188,0.331	0.105,0.366	0.015,0.381	-0.075,0.373	-0.161,0.345	-0.238,0.297	-0.301,0.233	-0.348,0.155	-0.375,0.069	-0.380,-0.022	-0.364,-0.111	-0.328,-0.194	-0.273,-0.266	-0.202,-0.323	-0.120,-0.361	-0.032,-0.380	0.059,-0.376	0.000,0.000	
0.072,-0.291	0.139,-0.266	0.197,-0.226	0.245,-0.173	0.279,-0.110	0.297,-0.041	0.299,0.030	0.283,0.100	0.251,0.164	0.206,0.219	0.148,0.261	0.082,0.289	0.012,0.300	-0.059,0.294	-0.127,0.272	-0.188,0.234	-0.238,0.183	-0.274,0.122	-0.295,0.054	-0.300,-0.017	-0.287,-0.087	-0.258,-0.153	-0.215,-0.209	-0.159,-0.254	-0.095,-0.285	-0.025,-0.299	0.046,-0.296	0.000,0.000	
0.057,-0.230	0.109,-0.210	0.156,-0.178	0.193,-0.136	0.220,-0.087	0.234,-0.032	0.235,0.024	0.223,0.079	0.198,0.129	0.162,0.172	0.117,0.206	0.065,0.227	0.009,0.236	-0.047,0.232	-0.100,0.214	-0.148,0.185	-0.187,0.145	-0.216,0.096	-0.233,0.043	-0.236,-0.014	-0.226,-0.069	-0.204,-0.120	-0.169,-0.165	-0.126,-0.200	-0.075,-0.224	-0.020,-0.236	0.036,-0.234	0.000,0.000	
0.045,-0.181	0.086,-0.165	0.123,-0.140	0.152,-0.107	0.173,-0.068	0.185,-0.026	0.185,0.019	0.176,0.062	0.156,0.102	0.128,0.136	0.092,0.162	0.051,0.179	0.007,0.186	-0.037,0.183	-0.079,0.169	-0.116,0.145	-0.147,0.114	-0.170,0.076	-0.183,0.034	-0.186,-0.011	-0.178,-0.054	-0.160,-0.095	-0.133,-0.130	-0.099,-0.158	-0.059,-0.177	-0.016,-0.186	0.029,-0.184	0.000,0.000	
0.035,-0.143	0.068,-0.130	0.097,-0.111	0.120,-0.085	0.137,-0.054	0.145,-0.020	0.146,0.015	0.138,0.049	0.123,0.080	0.101,0.107	0.073,0.128	0.040,0.141	0.006,0.147	-0.029,0.144	-0.062,0.133	-0.092,0.115	-0.116,0.090	-0.134,0.060	-0.144,0.026	-0.147,-0.008	-0.140,-0.043	-0.126,-0.075	-0.105,-0.102	-0.078,-0.124	-0.046,-0.139	-0.012,-0.146	0.023,-0.145	0.000,0.000	
0.028,-0.112	0.053,-0.103	0.076,-0.087	0.095,-0.067	0.108,-0.042	0.115,-0.016	0.115,0.012	0.109,0.038	0.097,0.063	0.079,0.084	0.057,0.101	0.032,0.111	0.005,0.116	-0.023,0.113	-0.049,0.105	-0.072,0.090	-0.092,0.071	-0.106,0.047	-0.114,0.021	-0.115,-0.007	-0.111,-0.034	-0.100,-0.059	-0.083,-0.081	-0.061,-0.098	-0.037,-0.110	-0.010,-0.115	0.018,-0.114	0.000,0.000	
0.022,-0.088	0.042,-0.081	0.060,-0.069	0.074,-0.053	0.085,-0.033	0.090,-0.012	0.091,0.009	0.086,0.030	0.076,0.050	0.062,0.066	0.045,0.079	0.025,0.088	0.004,0.091	-0.018,0.089	-0.039,0.083	-0.057,0.071	-0.072,0.056	-0.083,0.037	-0.090,0.016	-0.091,-0.005	-0.087,-0.027	-0.078,-0.046	-0.065,-0.064	-0.048,-0.077	-0.029,-0.086	-0.008,-0.091	0.014,-0.090	0.000,0.000	
0.017,-0.070	0.033,-0.064	0.047,-0.054	0.059,-0.041	0.067,-0.026	0.071,-0.010	0.071,0.007	0.068,0.024	0.060,0.039	0.049,0.052	0.035,0.062	0.020,0.069	0.003,0.072	-0.014,0.070	-0.030,0.065	-0.045,0.056	-0.057,0.044	-0.066,0.029	-0.071,0.013	-0.072,-0.004	-0.069,-0.021	-0.062,-0.037	-0.051,-0.050	-0.038,-0.061	-0.023,-0.068	-0.006,-0.072	0.011,-0.071	0.000,0.000	
0.014,-0.055	0.026,-0.050	0.037,-0.043	0.046,-0.033	0.053,-0.021	0.056,-0.008	0.056,0.006	0.053,0.019	0.047,0.031	0.039,0.041	0.028,0.049	0.016,0.054	0.002,0.057	-0.011,0.055	-0.024,0.051	-0.035,0.044	-0.045,0.035	-0.052,0.023	-0.056,0.010	-0.056,-0.003	-0.054,-0.016	-0.049,-0.029	-0.041,-0.039	-0.030,-0.048	-0.018,-0.054	-0.005,-0.056	0.009,-0.056	0.000,0.000	
0.011,-0.043	0.021,-0.040	0.029,-0.034	0.036,-0.026	0.041,-0.016	0.044,-0.006	0.044,0.004	0.042,0.015	0.037,0.024	0.031,0.032	0.022,0.039	0.012,0.043	0.002,0.045	-0.009,0.044	-0.019,0.040	-0.028,0.035	-0.035,0.027	-0.041,0.018	-0.044,0.008	-0.045,-0.003	-0.043,-0.013	-0.038,-0.023	-0.032,-0.031	-0.024,-0.038	-0.014,-0.042	-0.004,-0.044	0.007,-0.044	0.000,0.000	
0.008,-0.034	0.016,-0.031	0.023,-0.026	0.029,-0.020	0.033,-0.013	0.035,-0.005	0.035,0.004	0.033,0.012	0.029,0.019	0.024,0.026	0.017,0.031	0.010,0.034	0.001,0.035	-0.007,0.034	-0.015,0.032	-0.022,0.027	-0.028,0.021	-0.032,0.014	-0.035,0.006	-0.035,-0.002	-0.034,-0.010	-0.030,-0.018	-0.025,-0.025	-0.019,-0.030	-0.011,-0.033	-0.003,-0.035	0.005,-0.035	0.000,0.000	
0.007,-0.027	0.013,-0.025	0.018,-0.021	0.023,-0.016	0.026,-0.010	0.027,-0.004	0.028,0.003	0.026,0.009	0.023,0.015	0.019,0.020	0.014,0.024	0.008,0.027	0.001,0.028	-0.005,0.027	-0.012,0.025	-0.017,0.022	-0.022,0.017	-0.025,0.011	-0.027,0.005	-0.028,-0.002	-0.026,-0.008	-0.024,-0.014	-0.020,-0.019	-0.015,-0.023	-0.009,-0.026	-0.002,-0.028	0.004,-0.027	0.000,0.000	
0.005,-0.021	0.010,-0.019	0.014,-0.016	0.018,-0.013	0.020,-0.008	0.022,-0.003	0.022,0.002	0.021,0.007	0.018,0.012	0.015,0.016	0.011,0.019	0.006,0.021	0.001,0.022	-0.004,0.021	-0.009,0.020	-0.014,0.017	-0.017,0.013	-0.020,0.009	-0.021,0.004	-0.022,-0.001	-0.021,-0.006	-0.019,-0.011	-0.016,-0.015	-0.012,-0.018	-0.007,-0.021	-0.002,-0.022	0.003,-0.022	0.000,0.000	
0.000,0.000	0.000,0.000	0.000,0.000	0.000,0.000	0.000,0.000	0.000,0.000	0.000,0.000	0.000,0.000	0.000,0.000	0.000,0.000	0.000,0.000	0.000,0.000	0.000,0.000	0.000,0.000	0.000,0.000	0.000,0.000	0.000,0.000	0.000,0.000	0.000,0.000	0.000,0.000	0.000,0.000	0.000,0.000	0.000,0.000	0.000,0.000	0.000,0.000	0.000,0.000	0.000,0.000	0.000,0.000	


-0.116,-0.469	-0.002,-0.483	0.113,-0.470	0.220,-0.430	0.316,-0.366	0.393,-0.281	0.448,-0.180	0.478,-0.069	0.481,0.045	0.457,0.158	0.407,0.261	0.334,0.350	0.242,0.419	0.136,0.464	0.023,0.483	-0.092,0.474	-0.201,0.439	-0.299,0.379	-0.381,0.298	-0.440,0.200	-0.475,0.090	-0.483,-0.025	-0.463,-0.138	-0.418,-0.243	-0.348,-0.335	-0.259,-0.408	-0.156,-0.457	0.000,0.000	
-0.091,-0.370	-0.001,-0.381	0.089,-0.370	0.174,-0.339	0.249,-0.288	0.310,-0.222	0.353,-0.142	0.377,-0.055	0.379,0.036	0.360,0.124	0.320,0.206	0.263,0.276	0.190,0.330	0.107,0.365	0.018,0.380	-0.073,0.374	-0.159,0.346	-0.236,0.299	-0.300,0.235	-0.347,0.157	-0.374,0.071	-0.380,-0.019	-0.365,-0.109	-0.329,-0.192	-0.275,-0.264	-0.204,-0.321	-0.123,-0.360	0.000,0.000	
-0.072,-0.291	-0.001,-0.300	0.070,-0.292	0.137,-0.267	0.196,-0.227	0.244,-0.175	0.278,-0.112	0.297,-0.043	0.299,0.028	0.284,0.098	0.253,0.162	0.207,0.217	0.150,0.260	0.084,0.288	0.014,0.300	-0.057,0.295	-0.125,0.273	-0.186,0.236	-0.236,0.185	-0.273,0.124	-0.295,0.056	-0.300,-0.015	-0.288,-0.086	-0.259,-0.151	-0.216,-0.208	-0.161,-0.253	-0.097,-0.284	0.000,0.000	
-0.057,-0.230	-0.001,-0.236	0.055,-0.230	0.108,-0.210	0.154,-0.179	0.192,-0.138	0.219,-0.088	0.234,-0.034	0.235,0.022	0.223,0.077	0.199,0.128	0.163,0.171	0.118,0.205	0.066,0.227	0.011,0.236	-0.045,0.232	-0.099,0.215	-0.147,0.186	-0.186,0.146	-0.215,0.098	-0.232,0.044	-0.236,-0.012	-0.227,-0.067	-0.204,-0.119	-0.170,-0.164	-0.127,-0.199	-0.076,-0.224	0.000,0.000	
-0.045,-0.181	-0.001,-0.186	0.043,-0.181	0.085,-0.166	0.122,-0.141	0.152,-0.108	0.173,-0.070	0.184,-0.027	0.185,0.018	0.176,0.061	0.157,0.101	0.129,0.135	0.093,0.161	0.052,0.179	0.009,0.186	-0.035,0.183	-0.078,0.169	-0.115,0.146	-0.147,0.115	-0.170,0.077	-0.183,0.035	-0.186,-0.009	-0.179,-0.053	-0.161,-0.094	-0.134,-0.129	-0.100,-0.157	-0.060,-0.176	0.000,0.000	
-0.035,-0.143	-0.000,-0.147	0.034,-0.143	0.067,-0.131	0.096,-0.111	0.119,-0.085	0.136,-0.055	0.145,-0.021	0.146,0.014	0.139,0.048	0.124,0.079	0.101,0.106	0.073,0.127	0.041,0.141	0.007,0.147	-0.028,0.144	-0.061,0.133	-0.091,0.115	-0.116,0.090	-0.134,0.061	-0.144,0.027	-0.147,-0.007	-0.141,-0.042	-0.127,-0.074	-0.106,-0.102	-0.079,-0.124	-0.047,-0.139	0.000,0.000	
-0.028,-0.112	-0.000,-0.116	0.027,-0.112	0.053,-0.103	0.076,-0.088	0.094,-0.067	0.107,-0.043	0.114,-0.017	0.115,0.011	0.109,0.038	0.097,0.062	0.080,0.084	0.058,0.100	0.033,0.111	0.005,0.116	-0.022,0.114	-0.048,0.105	-0.072,0.091	-0.091,0.071	-0.105,0.048	-0.114,0.022	-0.116,-0.006	-0.111,-0.033	-0.100,-0.058	-0.083,-0.080	-0.062,-0.098	-0.037,-0.109	0.000,0.000	
-0.022,-0.088	-0.000,-0.091	0.021,-0.089	0.042,-0.081	0.060,-0.069	0.074,-0.053	0.085,-0.034	0.090,-0.013	0.091,0.009	0.086,0.030	0.077,0.049	0.063,0.066	0.046,0.079	0.026,0.087	0.004,0.091	-0.017,0.089	-0.038,0.083	-0.056,0.072	-0.072,0.056	-0.083,0.038	-0.090,0.017	-0.091,-0.005	-0.087,-0.026	-0.079,-0.046	-0.066,-0.063	-0.049,-0.077	-0.029,-0.086	0.000,0.000	
-0.017,-0.070	-0.000,-0.072	0.017,-0.070	0.033,-0.064	0.047,-0.054	0.058,-0.042	0.067,-0.027	0.071,-0.010	0.071,0.007	0.068,0.023	0.060,0.039	0.050,0.052	0.036,0.062	0.020,0.069	0.003,0.072	-0.014,0.071	-0.030,0.065	-0.044,0.056	-0.057,0.044	-0.065,0.030	-0.071,0.013	-0.072,-0.004	-0.069,-0.020	-0.062,-0.036	-0.052,-0.050	-0.039,-0.061	-0.023,-0.068	0.000,0.000	
-0.014,-0.055	-0.000,-0.057	0.013,-0.055	0.026,-0.050	0.037,-0.043	0.046,-0.033	0.052,-0.021	0.056,-0.008	0.056,0.005	0.053,0.018	0.048,0.031	0.039,0.041	0.028,0.049	0.016,0.054	0.003,0.057	-0.011,0.056	-0.024,0.051	-0.035,0.044	-0.045,0.035	-0.052,0.023	-0.056,0.011	-0.057,-0.003	-0.054,-0.016	-0.049,-0.028	-0.041,-0.039	-0.030,-0.048	-0.018,-0.054	0.000,0.000	
-0.011,-0.043	-0.000,-0.045	0.010,-0.043	0.020,-0.040	0.029,-0.034	0.036,-0.026	0.041,-0.017	0.044,-0.006	0.044,0.004	0.042,0.015	0.038,0.024	0.031,0.032	0.022,0.039	0.013,0.043	0.002,0.045	-0.008,0.044	-0.019,0.041	-0.028,0.035	-0.035,0.027	-0.041,0.018	-0.044,0.008	-0.045,-0.002	-0.043,-0.013	-0.039,-0.022	-0.032,-0.031	-0.024,-0.038	-0.014,-0.042	0.000,0.000	
-0.008,-0.034	-0.000,-0.035	0.008,-0.034	0.016,-0.031	0.023,-0.027	0.029,-0.020	0.033,-0.013	0.035,-0.005	0.035,0.003	0.033,0.011	0.030,0.019	0.024,0.025	0.018,0.030	0.010,0.034	0.002,0.035	-0.007,0.034	-0.015,0.032	-0.022,0.028	-0.028,0.022	-0.032,0.015	-0.035,0.007	-0.035,-0.002	-0.034,-0.010	-0.030,-0.018	-0.025,-0.024	-0.019,-0.030	-0.011,-0.033	0.000,0.000	
-0.007,-0.027	-0.000,-0.028	0.006,-0.027	0.013,-0.025	0.018,-0.021	0.023,-0.016	0.026,-0.010	0.027,-0.004	0.028,0.003	0.026,0.009	0.023,0.015	0.019,0.020	0.014,0.024	0.008,0.027	0.001,0.028	-0.005,0.027	-0.012,0.025	-0.017,0.022	-0.022,0.017	-0.025,0.011	-0.027,0.005	-0.028,-0.001	-0.027,-0.008	-0.024,-0.014	-0.020,-0.019	-0.015,-0.023	-0.009,-0.026	0.000,0.000	
-0.005,-0.021	-0.000,-0.022	0.005,-0.021	0.010,-0.019	0.014,-0.017	0.018,-0.013	0.020,-0.008	0.022,-0.003	0.022,0.002	0.021,0.007	0.018,0.012	0.015,0.016	0.011,0.019	0.006,0.021	0.001,0.022	-0.004,0.021	-0.009,0.020	-0.014,0.017	-0.017,0.013	-0.020,0.009	-0.021,0.004	-0.022,-0.001	-0.021,-0.006	-0.019,-0.011	-0.016,-0.015	-0.012,-0.018	-0.007,-0.021	0.000,0.000	
0.000,0.000	0.000,0.000	0.000,0.000	0.000,0.000	0.000,0.000	0.000,0.000	0.000,0.000	0.000,0.000	0.000,0.000	0.000,0.000	0.000,0.000	0.000,0.000	0.000,0.000	0.000,0.000	0.000,0.000	0.000,0.000	0.000,0.000	0.000,0.000	0.000,0.000	0.000,0.000	0.000,0.000	0.000,0.000	0.000,0.000	0.000,0.000	0.000,0.000	0.000,0.000	0.000,0.000	0.000,0.000	


-0.321,-0.362	-0.226,-0.427	-0.119,-0.468	-0.005,-0.483	0.109,-0.471	0.217,-0.432	0.313,-0.368	0.391,-0.284	0.447,-0.183	0.478,-0.073	0.481,0.042	0.458,0.155	0.408,0.258	0.336,0.348	0.244,0.417	0.139,0.463	0.026,0.483	-0.089,0.475	-0.199,0.441	-0.297,0.381	-0.379,0.300	-0.439,0.203	-0.474,0.093	-0.483,-0.021	-0.464,-0.135	-0.419,-0.240	-0.351,-0.333	0.000,0.000	
-0.253,-0.285	-0.178,-0.337	-0.094,-0.369	-0.004,-0.381	0.086,-0.371	0.171,-0.340	0.247,-0.290	0.308,-0.224	0.352,-0.144	0.377,-0.057	0.379,0.033	0.361,0.122	0.322,0.204	0.265,0.274	0.193,0.329	0.110,0.365	0.020,0.380	-0.070,0.374	-0.156,0.347	-0.234,0.300	-0.298,0.237	-0.346,0.160	-0.374,0.074	-0.380,-0.017	-0.366,-0.106	-0.330,-0.189	-0.276,-0.262	0.000,0.000	
-0.199,-0.225	-0.140,-0.265	-0.074,-0.291	-0.003,-0.300	0.068,-0.292	0.135,-0.268	0.194,-0.229	0.243,-0.176	0.278,-0.114	0.297,-0.045	0.299,0.026	0.284,0.096	0.254,0.160	0.209,0.216	0.152,0.259	0.086,0.287	0.016,0.300	-0.055,0.295	-0.123,0.274	-0.184,0.237	-0.235,0.187	-0.272,0.126	-0.294,0.058	-0.300,-0.013	-0.288,-0.084	-0.260,-0.149	-0.218,-0.207	0.000,0.000	
-0.157,-0.177	-0.111,-0.209	-0.058,-0.229	-0.002,-0.236	0.054,-0.230	0.106,-0.211	0.153,-0.180	0.191,-0.139	0.219,-0.090	0.234,-0.036	0.236,0.021	0.224,0.076	0.200,0.126	0.164,0.170	0.120,0.204	0.068,0.226	0.013,0.236	-0.043,0.232	-0.097,0.216	-0.145,0.187	-0.185,0.147	-0.215,0.099	-0.232,0.046	-0.236,-0.010	-0.227,-0.066	-0.205,-0.118	-0.172,-0.163	0.000,0.000	
-0.124,-0.139	-0.087,-0.165	-0.046,-0.181	-0.002,-0.186	0.042,-0.181	0.084,-0.166	0.121,-0.142	0.151,-0.109	0.172,-0.071	0.184,-0.028	0.186,0.016	0.177,0.060	0.157,0.100	0.129,0.134	0.094,0.161	0.054,0.178	0.010,0.186	-0.034,0.183	-0.077,0.170	-0.114,0.147	-0.146,0.116	-0.169,0.078	-0.183,0.036	-0.186,-0.008	-0.179,-0.052	-0.162,-0.093	-0.135,-0.128	0.000,0.000	
-0.097,-0.110	-0.069,-0.130	-0.036,-0.142	-0.001,-0.147	0.033,-0.143	0.066,-0.131	0.095,-0.112	0.119,-0.086	0.136,-0.056	0.145,-0.022	0.146,0.013	0.139,0.047	0.124,0.078	0.102,0.106	0.074,0.127	0.042,0.141	0.008,0.147	-0.027,0.144	-0.060,0.134	-0.090,0.116	-0.115,0.091	-0.133,0.062	-0.144,0.028	-0.147,-0.006	-0.141,-0.041	-0.127,-0.073	-0.106,-0.101	0.000,0.000	
-0.077,-0.087	-0.054,-0.102	-0.028,-0.112	-0.001,-0.116	0.026,-0.113	0.052,-0.103	0.075,-0.088	0.094,-0.068	0.107,-0.044	0.114,-0.017	0.115,0.010	0.110,0.037	0.098,0.062	0.080,0.083	0.058,0.100	0.033,0.111	0.006,0.116	-0.021,0.114	-0.048,0.105	-0.071,0.091	-0.091,0.072	-0.105,0.048	-0.113,0.022	-0.116,-0.005	-0.111,-0.032	-0.100,-0.058	-0.084,-0.080	0.000,0.000	
-0.060,-0.068	-0.043,-0.081	-0.022,-0.088	-0.001,-0.091	0.021,-0.089	0.041,-0.081	0.059,-0.069	0.074,-0.054	0.084,-0.035	0.090,-0.014	0.091,0.008	0.086,0.029	0.077,0.049	0.063,0.066	0.046,0.079	0.026,0.087	0.005,0.091	-0.017,0.090	-0.037,0.083	-0.056,0.072	-0.071,0.057	-0.083,0.038	-0.089,0.018	-0.091,-0.004	-0.088,-0.025	-0.079,-0.045	-0.066,-0.063	0.000,0.000	
-0.048,-0.054	-0.034,-0.063	-0.018,-0.070	-0.001,-0.072	0.016,-0.070	0.032,-0.064	0.047,-0.055	0.058,-0.042	0.066,-0.027	0.071,-0.011	0.072,0.006	0.068,0.023	0.061,0.038	0.050,0.052	0.036,0.062	0.021,0.069	0.004,0.072	-0.013,0.071	-0.029,0.065	-0.044,0.057	-0.056,0.045	-0.065,0.030	-0.070,0.014	-0.072,-0.003	-0.069,-0.020	-0.062,-0.036	-0.052,-0.049	0.000,0.000	
-0.038,-0.042	-0.026,-0.050	-0.014,-0.055	-0.001,-0.057	0.013,-0.055	0.025,-0.051	0.037,-0.043	0.046,-0.033	0.052,-0.021	0.056,-0.009	0.056,0.005	0.054,0.018	0.048,0.030	0.039,0.041	0.029,0.049	0.016,0.054	0.003,0.057	-0.010,0.056	-0.023,0.052	-0.035,0.045	-0.044,0.035	-0.051,0.024	-0.056,0.011	-0.057,-0.002	-0.054,-0.016	-0.049,-0.028	-0.041,-0.039	0.000,0.000	
-0.030,-0.033	-0.021,-0.039	-0.011,-0.043	-0.000,-0.045	0.010,-0.043	0.020,-0.040	0.029,-0.034	0.036,-0.026	0.041,-0.017	0.044,-0.007	0.044,0.004	0.042,0.014	0.038,0.024	0.031,0.032	0.023,0.038	0.013,0.043	0.002,0.045	-0.008,0.044	-0.018,0.041	-0.027,0.035	-0.035,0.028	-0.040,0.019	-0.044,0.009	-0.045,-0.002	-0.043,-0.012	-0.039,-0.022	-0.032,-0.031	0.000,0.000	
-0.023,-0.026	-0.016,-0.031	-0.009,-0.034	-0.000,-0.035	0.008,-0.034	0.016,-0.031	0.023,-0.027	0.028,-0.021	0.033,-0.013	0.035,-0.005	0.035,0.003	0.033,0.011	0.030,0.019	0.024,0.025	0.018,0.030	0.010,0.034	0.002,0.035	-0.006,0.035	-0.014,0.032	-0.022,0.028	-0.028,0.022	-0.032,0.015	-0.034,0.007	-0.035,-0.002	-0.034,-0.010	-0.030,-0.017	-0.025,-0.024	0.000,0.000	
-0.018,-0.021	-0.013,-0.024	-0.007,-0.027	-0.000,-0.028	0.006,-0.027	0.012,-0.025	0.018,-0.021	0.022,-0.016	0.026,-0.011	0.027,-0.004	0.028,0.002	0.026,0.009	0.023,0.015	0.019,0.020	0.014,0.024	0.008,0.027	0.001,0.028	-0.005,0.027	-0.011,0.025	-0.017,0.022	-0.022,0.017	-0.025,0.012	-0.027,0.005	-0.028,-0.001	-0.027,-0.008	-0.024,-0.014	-0.020,-0.019	0.000,0.000	
-0.014,-0.016	-0.010,-0.019	-0.005,-0.021	-0.000,-0.022	0.005,-0.021	0.010,-0.019	0.014,-0.017	0.018,-0.013	0.020,-0.008	0.022,-0.003	0.022,0.002	0.021,0.007	0.018,0.012	0.015,0.016	0.011,0.019	0.006,0.021	0.001,0.022	-0.004,0.021	-0.009,0.020	-0.013,0.017	-0.017,0.014	-0.020,0.009	-0.021,0.004	-0.022,-0.001	-0.021,-0.006	-0.019,-0.011	-0.016,-0.015	0.000,0.000	
0.000,0.000	0.000,0.000	0.000,0.000	0.000,0.000	0.000,0.000	0.000,0.000	0.000,0.000	0.000,0.000	0.000,0.000	0.000,0.000	0.000,0.000	0.000,0.000	0.000,0.000	0.000,0.000	0.000,0.000	0.000,0.000	0.000,0.000	0.000,0.000	0.000,0.000	0.000,0.000	0.000,0.000	0.000,0.000	0.000,0.000	0.000,0.000	0.000,0.000	0.000,0.000	0.000,0.000	0.000,0.000	


-0.452,-0.171	-0.399,-0.273	-0.323,-0.360	-0.229,-0.426	-0.122,-0.468	-0.008,-0.483	0.106,-0.471	0.215,-0.433	0.311,-0.370	0.389,-0.286	0.446,-0.186	0.477,-0.076	0.482,0.039	0.459,0.152	0.410,0.256	0.338,0.345	0.247,0.415	0.142,0.462	0.029,0.482	-0.086,0.476	-0.196,0.442	-0.294,0.383	-0.377,0.303	-0.437,0.206	-0.474,0.096	-0.483,-0.018	-0.465,-0.132	0.000,0.000	
-0.356,-0.135	-0.314,-0.215	-0.254,-0.283	-0.180,-0.335	-0.096,-0.369	-0.006,-0.381	0.084,-0.372	0.169,-0.341	0.245,-0.292	0.307,-0.226	0.351,-0.147	0.376,-0.060	0.380,0.031	0.362,0.119	0.323,0.201	0.266,0.272	0.195,0.327	0.112,0.364	0.023,0.380	-0.068,0.375	-0.154,0.348	-0.232,0.302	-0.297,0.239	-0.345,0.162	-0.373,0.076	-0.381,-0.014	-0.366,-0.104	0.000,0.000	
-0.281,-0.106	-0.248,-0.170	-0.200,-0.223	-0.142,-0.264	-0.076,-0.290	-0.005,-0.300	0.066,-0.293	0.133,-0.269	0.193,-0.230	0.242,-0.178	0.277,-0.116	0.296,-0.047	0.299,0.024	0.285,0.094	0.255,0.159	0.210,0.214	0.153,0.258	0.088,0.287	0.018,0.300	-0.053,0.295	-0.121,0.274	-0.183,0.238	-0.234,0.188	-0.272,0.128	-0.294,0.060	-0.300,-0.011	-0.289,-0.082	0.000,0.000	
-0.221,-0.084	-0.195,-0.134	-0.158,-0.176	-0.112,-0.208	-0.060,-0.229	-0.004,-0.236	0.052,-0.231	0.105,-0.212	0.152,-0.181	0.190,-0.140	0.218,-0.091	0.234,-0.037	0.236,0.019	0.225,0.074	0.201,0.125	0.165,0.169	0.121,0.203	0.070,0.226	0.014,0.236	-0.042,0.233	-0.096,0.216	-0.144,0.188	-0.184,0.148	-0.214,0.101	-0.232,0.047	-0.236,-0.009	-0.228,-0.064	0.000,0.000	
-0.174,-0.066	-0.154,-0.105	-0.124,-0.139	-0.088,-0.164	-0.047,-0.180	-0.003,-0.186	0.041,-0.182	0.083,-0.167	0.120,-0.143	0.150,-0.110	0.172,-0.072	0.184,-0.029	0.186,0.015	0.177,0.058	0.158,0.099	0.130,0.133	0.095,0.160	0.055,0.178	0.011,0.186	-0.033,0.183	-0.075,0.170	-0.113,0.148	-0.145,0.117	-0.169,0.079	-0.183,0.037	-0.186,-0.007	-0.179,-0.051	0.000,0.000	
-0.137,-0.052	-0.121,-0.083	-0.098,-0.109	-0.070,-0.129	-0.037,-0.142	-0.002,-0.147	0.032,-0.143	0.065,-0.132	0.094,-0.112	0.118,-0.087	0.135,-0.057	0.145,-0.023	0.146,0.012	0.139,0.046	0.125,0.078	0.103,0.105	0.075,0.126	0.043,0.140	0.009,0.147	-0.026,0.144	-0.059,0.134	-0.089,0.116	-0.114,0.092	-0.133,0.062	-0.144,0.029	-0.147,-0.005	-0.141,-0.040	0.000,0.000	
-0.108,-0.041	-0.095,-0.065	-0.077,-0.086	-0.055,-0.102	-0.029,-0.112	-0.002,-0.116	0.025,-0.113	0.051,-0.104	0.074,-0.089	0.093,-0.069	0.107,-0.045	0.114,-0.018	0.115,0.009	0.110,0.036	0.098,0.061	0.081,0.083	0.059,0.099	0.034,0.111	0.007,0.115	-0.021,0.114	-0.047,0.106	-0.070,0.092	-0.090,0.073	-0.105,0.049	-0.113,0.023	-0.116,-0.004	-0.111,-0.031	0.000,0.000	
-0.085,-0.032	-0.075,-0.052	-0.061,-0.068	-0.043,-0.080	-0.023,-0.088	-0.002,-0.091	0.020,-0.089	0.040,-0.082	0.059,-0.070	0.073,-0.054	0.084,-0.035	0.090,-0.014	0.091,0.007	0.087,0.029	0.077,0.048	0.064,0.065	0.047,0.078	0.027,0.087	0.005,0.091	-0.016,0.090	-0.037,0.083	-0.056,0.072	-0.071,0.057	-0.082,0.039	-0.089,0.018	-0.091,-0.003	-0.088,-0.025	0.000,0.000	
-0.067,-0.025	-0.059,-0.041	-0.048,-0.053	-0.034,-0.063	-0.018,-0.069	-0.001,-0.072	0.016,-0.070	0.032,-0.064	0.046,-0.055	0.058,-0.043	0.066,-0.028	0.071,-0.011	0.072,0.006	0.068,0.023	0.061,0.038	0.050,0.051	0.037,0.062	0.021,0.069	0.004,0.072	-0.013,0.071	-0.029,0.066	-0.044,0.057	-0.056,0.045	-0.065,0.031	-0.070,0.014	-0.072,-0.003	-0.069,-0.020	0.000,0.000	
-0.053,-0.020	-0.047,-0.032	-0.038,-0.042	-0.027,-0.050	-0.014,-0.055	-0.001,-0.057	0.012,-0.055	0.025,-0.051	0.036,-0.043	0.046,-0.034	0.052,-0.022	0.056,-0.009	0.056,0.005	0.054,0.018	0.048,0.030	0.040,0.040	0.029,0.049	0.017,0.054	0.003,0.056	-0.010,0.056	-0.023,0.052	-0.034,0.045	-0.044,0.035	-0.051,0.024	-0.055,0.011	-0.057,-0.002	-0.054,-0.015	0.000,0.000	
-0.042,-0.016	-0.037,-0.025	-0.030,-0.033	-0.021,-0.039	-0.011,-0.043	-0.001,-0.045	0.010,-0.043	0.020,-0.040	0.029,-0.034	0.036,-0.026	0.041,-0.017	0.044,-0.007	0.044,0.004	0.042,0.014	0.038,0.024	0.031,0.032	0.023,0.038	0.013,0.043	0.003,0.045	-0.008,0.044	-0.018,0.041	-0.027,0.035	-0.035,0.028	-0.040,0.019	-0.044,0.009	-0.045,-0.002	-0.043,-0.012	0.000,0.000	
-0.033,-0.012	-0.029,-0.020	-0.023,-0.026	-0.017,-0.031	-0.009,-0.034	-0.001,-0.035	0.008,-0.034	0.016,-0.031	0.023,-0.027	0.028,-0.021	0.032,-0.014	0.035,-0.006	0.035,0.003	0.033,0.011	0.030,0.019	0.025,0.025	0.018,0.030	0.010,0.034	0.002,0.035	-0.006,0.035	-0.014,0.032	-0.021,0.028	-0.027,0.022	-0.032,0.015	-0.034,0.007	-0.035,-0.001	-0.034,-0.010	0.000,0.000	
-0.026,-0.010	-0.023,-0.016	-0.018,-0.021	-0.013,-0.024	-0.007,-0.027	-0.000,-0.028	0.006,-0.027	0.012,-0.025	0.018,-0.021	0.022,-0.016	0.026,-0.011	0.027,-0.004	0.028,0.002	0.026,0.009	0.023,0.015	0.019,0.020	0.014,0.024	0.008,0.026	0.002,0.028	-0.005,0.027	-0.011,0.025	-0.017,0.022	-0.022,0.017	-0.025,0.012	-0.027,0.006	-0.028,-0.001	-0.027,-0.008	0.000,0.000	
-0.020,-0.008	-0.018,-0.012	-0.015,-0.016	-0.010,-0.019	-0.006,-0.021	-0.000,-0.022	0.005,-0.021	0.010,-0.020	0.014,-0.017	0.018,-0.013	0.020,-0.008	0.022,-0.003	0.022,0.002	0.021,0.007	0.019,0.012	0.015,0.016	0.011,0.019	0.006,0.021	0.001,0.022	-0.004,0.021	-0.009,0.020	-0.013,0.017	-0.017,0.014	-0.020,0.009	-0.021,0.004	-0.022,-0.001	-0.021,-0.006	0.000,0.000	
0.000,0.000	0.000,0.000	0.000,0.000	0.000,0.000	0.000,0.000	0.000,0.000	0.000,0.000	0.000,0.000	0.000,0.000	0.000,0.000	0.000,0.000	0.000,0.000	0.000,0.000	0.000,0.000	0.000,0.000	0.000,0.000	0.000,0.000	0.000,0.000	0.000,0.000	0.000,0.000	0.000,0.000	0.000,0.000	0.000,0.000	0.000,0.000	0.000,0.000	0.000,0.000	0.000,0.000	0.000,0.000	


-0.480,0.058	-0.480,-0.057	-0.453,-0.168	-0.400,-0.271	-0.325,-0.357	-0.232,-0.424	-0.125,-0.467	-0.011,-0.483	0.103,-0.472	0.212,-0.435	0.308,-0.372	0.387,-0.289	0.445,-0.189	0.477,-0.079	0.482,0.036	0.460,0.149	0.412,0.253	0.340,0.343	0.250,0.414	0.145,0.461	0.032,0.482	-0.083,0.476	-0.193,0.443	-0.292,0.385	-0.375,0.305	-0.436,0.208	-0.473,0.100	0.000,0.000	
-0.378,0.046	-0.378,-0.045	-0.357,-0.133	-0.316,-0.213	-0.256,-0.282	-0.183,-0.334	-0.099,-0.368	-0.009,-0.381	0.081,-0.372	0.167,-0.342	0.243,-0.293	0.305,-0.228	0.350,-0.149	0.376,-0.062	0.380,0.028	0.362,0.117	0.325,0.199	0.268,0.270	0.197,0.326	0.114,0.363	0.025,0.380	-0.065,0.375	-0.152,0.349	-0.230,0.304	-0.295,0.241	-0.344,0.164	-0.373,0.078	0.000,0.000	
-0.298,0.036	-0.298,-0.035	-0.281,-0.105	-0.249,-0.168	-0.202,-0.222	-0.144,-0.263	-0.078,-0.290	-0.007,-0.300	0.064,-0.293	0.131,-0.270	0.191,-0.231	0.241,-0.179	0.276,-0.118	0.296,-0.049	0.299,0.022	0.286,0.092	0.256,0.157	0.211,0.213	0.155,0.257	0.090,0.286	0.020,0.299	-0.051,0.296	-0.120,0.275	-0.181,0.239	-0.233,0.190	-0.271,0.129	-0.294,0.062	0.000,0.000	
-0.235,0.028	-0.235,-0.028	-0.222,-0.082	-0.196,-0.132	-0.159,-0.175	-0.113,-0.207	-0.061,-0.228	-0.006,-0.236	0.050,-0.231	0.104,-0.213	0.151,-0.182	0.190,-0.141	0.218,-0.093	0.233,-0.039	0.236,0.018	0.225,0.073	0.201,0.124	0.167,0.168	0.122,0.202	0.071,0.226	0.016,0.236	-0.040,0.233	-0.094,0.217	-0.143,0.188	-0.183,0.149	-0.213,0.102	-0.231,0.049	0.000,0.000	
-0.185,0.022	-0.185,-0.022	-0.175,-0.065	-0.154,-0.104	-0.125,-0.138	-0.089,-0.163	-0.048,-0.180	-0.004,-0.186	0.040,-0.182	0.082,-0.167	0.119,-0.143	0.149,-0.111	0.171,-0.073	0.184,-0.030	0.186,0.014	0.177,0.057	0.159,0.098	0.131,0.132	0.096,0.159	0.056,0.178	0.012,0.186	-0.032,0.184	-0.074,0.171	-0.112,0.149	-0.144,0.118	-0.168,0.080	-0.182,0.038	0.000,0.000	
-0.146,0.018	-0.146,-0.017	-0.138,-0.051	-0.122,-0.082	-0.099,-0.109	-0.070,-0.129	-0.038,-0.142	-0.003,-0.147	0.031,-0.143	0.064,-0.132	0.094,-0.113	0.118,-0.088	0.135,-0.058	0.145,-0.024	0.146,0.011	0.140,0.045	0.125,0.077	0.103,0.104	0.076,0.126	0.044,0.140	0.010,0.146	-0.025,0.145	-0.059,0.135	-0.089,0.117	-0.114,0.093	-0.132,0.063	-0.144,0.030	0.000,0.000	
-0.115,0.014	-0.115,-0.014	-0.108,-0.040	-0.096,-0.065	-0.078,-0.086	-0.055,-0.102	-0.030,-0.112	-0.003,-0.116	0.025,-0.113	0.051,-0.104	0.074,-0.089	0.093,-0.069	0.106,-0.045	0.114,-0.019	0.115,0.009	0.110,0.036	0.099,0.061	0.081,0.082	0.060,0.099	0.035,0.110	0.008,0.115	-0.020,0.114	-0.046,0.106	-0.070,0.092	-0.090,0.073	-0.104,0.050	-0.113,0.024	0.000,0.000	
-0.090,0.011	-0.091,-0.011	-0.085,-0.032	-0.076,-0.051	-0.061,-0.067	-0.044,-0.080	-0.024,-0.088	-0.002,-0.091	0.019,-0.089	0.040,-0.082	0.058,-0.070	0.073,-0.054	0.084,-0.036	0.090,-0.015	0.091,0.007	0.087,0.028	0.078,0.048	0.064,0.065	0.047,0.078	0.027,0.087	0.006,0.091	-0.016,0.090	-0.036,0.084	-0.055,0.073	-0.071,0.058	-0.082,0.039	-0.089,0.019	0.000,0.000	
-0.071,0.009	-0.071,-0.008	-0.067,-0.025	-0.060,-0.040	-0.048,-0.053	-0.034,-0.063	-0.019,-0.069	-0.002,-0.072	0.015,-0.070	0.031,-0.065	0.046,-0.055	0.058,-0.043	0.066,-0.028	0.071,-0.012	0.072,0.005	0.068,0.022	0.061,0.038	0.051,0.051	0.037,0.061	0.022,0.068	0.005,0.072	-0.012,0.071	-0.029,0.066	-0.043,0.057	-0.056,0.045	-0.065,0.031	-0.070,0.015	0.000,0.000	
-0.056,0.007	-0.056,-0.007	-0.053,-0.020	-0.047,-0.032	-0.038,-0.042	-0.027,-0.050	-0.015,-0.055	-0.001,-0.057	0.012,-0.055	0.025,-0.051	0.036,-0.044	0.045,-0.034	0.052,-0.022	0.056,-0.009	0.056,0.004	0.054,0.017	0.048,0.030	0.040,0.040	0.029,0.048	0.017,0.054	0.004,0.056	-0.010,0.056	-0.023,0.052	-0.034,0.045	-0.044,0.036	-0.051,0.024	-0.055,0.012	0.000,0.000	
-0.044,0.005	-0.044,-0.005	-0.042,-0.016	-0.037,-0.025	-0.030,-0.033	-0.021,-0.039	-0.012,-0.043	-0.001,-0.045	0.010,-0.044	0.020,-0.040	0.028,-0.034	0.036,-0.027	0.041,-0.017	0.044,-0.007	0.044,0.003	0.042,0.014	0.038,0.023	0.031,0.032	0.023,0.038	0.013,0.043	0.003,0.044	-0.008,0.044	-0.018,0.041	-0.027,0.036	-0.035,0.028	-0.040,0.019	-0.044,0.009	0.000,0.000	
-0.035,0.004	-0.035,-0.004	-0.033,-0.012	-0.029,-0.020	-0.024,-0.026	-0.017,-0.031	-0.009,-0.034	-0.001,-0.035	0.007,-0.034	0.015,-0.032	0.022,-0.027	0.028,-0.021	0.032,-0.014	0.035,-0.006	0.035,0.003	0.033,0.011	0.030,0.018	0.025,0.025	0.018,0.030	0.011,0.034	0.002,0.035	-0.006,0.035	-0.014,0.032	-0.021,0.028	-0.027,0.022	-0.032,0.015	-0.034,0.007	0.000,0.000	
-0.027,0.003	-0.027,-0.003	-0.026,-0.010	-0.023,-0.015	-0.019,-0.020	-0.013,-0.024	-0.007,-0.027	-0.001,-0.028	0.006,-0.027	0.012,-0.025	0.018,-0.021	0.022,-0.017	0.025,-0.011	0.027,-0.005	0.028,0.002	0.026,0.009	0.024,0.014	0.020,0.020	0.014,0.024	0.008,0.026	0.002,0.028	-0.005,0.027	-0.011,0.025	-0.017,0.022	-0.021,0.017	-0.025,0.012	-0.027,0.006	0.000,0.000	
-0.022,0.003	-0.022,-0.003	-0.020,-0.008	-0.018,-0.012	-0.015,-0.016	-0.010,-0.019	-0.006,-0.021	-0.001,-0.022	0.005,-0.021	0.010,-0.020	0.014,-0.017	0.017,-0.013	0.020,-0.009	0.022,-0.004	0.022,0.002	0.021,0.007	0.019,0.011	0.015,0.015	0.011,0.019	0.007,0.021	0.001,0.022	-0.004,0.021	-0.009,0.020	-0.013,0.017	-0.017,0.014	-0.020,0.009	-0.021,0.004	0.000,0.000	
0.000,0.000	0.000,0.000	0.000,0.000	0.000,0.000	0.000,0.000	0.000,0.000	0.000,0.000	0.000,0.000	0.000,0.000	0.000,0.000	0.000,0.000	0.000,0.000	0.000,0.000	0.000,0.000	0.000,0.000	0.000,0.000	0.000,0.000	0.000,0.000	0.000,0.000	0.000,0.000	0.000,0.000	0.000,0.000	0.000,0.000	0.000,0.000	0.000,0.000	0.000,0.000	0.000,0.000	0.000,0.000	


-0.398,0.275	-0.451,0.173	-0.479,0.061	-0.480,-0.053	-0.454,-0.165	-0.402,-0.268	-0.328,-0.355	-0.235,-0.423	-0.128,-0.466	-0.015,-0.483	0.100,-0.473	0.209,-0.436	0.306,-0.374	0.385,-0.292	0.443,-0.192	0.476,-0.082	0.482,0.033	0.461,0.145	0.414,0.250	0.343,0.341	0.253,0.412	0.148,0.460	0.035,0.482	-0.079,0.477	-0.190,0.445	-0.289,0.387	-0.372,0.308	0.000,0.000	
-0.313,0.216	-0.356,0.136	-0.378,0.048	-0.378,-0.042	-0.358,-0.130	-0.317,-0.211	-0.258,-0.280	-0.185,-0.333	-0.101,-0.367	-0.011,-0.381	0.079,-0.373	0.164,-0.343	0.241,-0.295	0.304,-0.230	0.349,-0.152	0.375,-0.065	0.380,0.026	0.363,0.115	0.326,0.197	0.270,0.268	0.199,0.325	0.117,0.362	0.028,0.380	-0.063,0.376	-0.149,0.350	-0.228,0.305	-0.293,0.243	0.000,0.000	
-0.247,0.170	-0.280,0.107	-0.298,0.038	-0.298,-0.033	-0.282,-0.103	-0.250,-0.166	-0.203,-0.221	-0.146,-0.262	-0.080,-0.289	-0.009,-0.300	0.062,-0.294	0.130,-0.271	0.190,-0.232	0.239,-0.181	0.275,-0.119	0.296,-0.051	0.299,0.020	0.286,0.090	0.257,0.155	0.213,0.212	0.157,0.256	0.092,0.286	0.022,0.299	-0.049,0.296	-0.118,0.276	-0.180,0.240	-0.231,0.191	0.000,0.000	
-0.195,0.134	-0.221,0.085	-0.235,0.030	-0.235,-0.026	-0.222,-0.081	-0.197,-0.131	-0.160,-0.174	-0.115,-0.207	-0.063,-0.228	-0.007,-0.236	0.049,-0.231	0.102,-0.213	0.150,-0.183	0.189,-0.143	0.217,-0.094	0.233,-0.040	0.236,0.016	0.225,0.071	0.202,0.122	0.168,0.167	0.124,0.202	0.073,0.225	0.017,0.236	-0.039,0.233	-0.093,0.217	-0.142,0.189	-0.182,0.151	0.000,0.000	
-0.153,0.106	-0.174,0.067	-0.185,0.024	-0.185,-0.021	-0.175,-0.064	-0.155,-0.103	-0.126,-0.137	-0.090,-0.163	-0.049,-0.180	-0.006,-0.186	0.039,-0.182	0.080,-0.168	0.118,-0.144	0.149,-0.112	0.171,-0.074	0.184,-0.032	0.186,0.013	0.178,0.056	0.159,0.096	0.132,0.131	0.097,0.159	0.057,0.177	0.014,0.186	-0.031,0.184	-0.073,0.171	-0.111,0.149	-0.144,0.119	0.000,0.000	
-0.121,0.083	-0.137,0.053	-0.146,0.019	-0.146,-0.016	-0.138,-0.050	-0.122,-0.081	-0.100,-0.108	-0.071,-0.128	-0.039,-0.142	-0.004,-0.147	0.030,-0.144	0.063,-0.132	0.093,-0.114	0.117,-0.089	0.135,-0.058	0.145,-0.025	0.146,0.010	0.140,0.044	0.126,0.076	0.104,0.103	0.077,0.125	0.045,0.140	0.011,0.146	-0.024,0.145	-0.058,0.135	-0.088,0.118	-0.113,0.094	0.000,0.000	
-0.095,0.066	-0.108,0.041	-0.115,0.015	-0.115,-0.013	-0.109,-0.040	-0.096,-0.064	-0.078,-0.085	-0.056,-0.101	-0.031,-0.112	-0.003,-0.116	0.024,-0.113	0.050,-0.104	0.073,-0.090	0.092,-0.070	0.106,-0.046	0.114,-0.020	0.115,0.008	0.110,0.035	0.099,0.060	0.082,0.082	0.060,0.099	0.035,0.110	0.008,0.115	-0.019,0.114	-0.045,0.106	-0.069,0.093	-0.089,0.074	0.000,0.000	
-0.075,0.052	-0.085,0.033	-0.090,0.012	-0.091,-0.010	-0.086,-0.031	-0.076,-0.051	-0.062,-0.067	-0.044,-0.080	-0.024,-0.088	-0.003,-0.091	0.019,-0.089	0.039,-0.082	0.058,-0.071	0.073,-0.055	0.084,-0.036	0.090,-0.015	0.091,0.006	0.087,0.027	0.078,0.047	0.065,0.064	0.048,0.078	0.028,0.087	0.007,0.091	-0.015,0.090	-0.036,0.084	-0.055,0.073	-0.070,0.058	0.000,0.000	
-0.059,0.041	-0.067,0.026	-0.071,0.009	-0.071,-0.008	-0.067,-0.025	-0.060,-0.040	-0.049,-0.053	-0.035,-0.063	-0.019,-0.069	-0.002,-0.072	0.015,-0.070	0.031,-0.065	0.045,-0.056	0.057,-0.043	0.066,-0.029	0.071,-0.012	0.072,0.005	0.068,0.022	0.061,0.037	0.051,0.051	0.038,0.061	0.022,0.068	0.005,0.072	-0.012,0.071	-0.028,0.066	-0.043,0.058	-0.055,0.046	0.000,0.000	
-0.047,0.032	-0.053,0.020	-0.056,0.007	-0.056,-0.006	-0.053,-0.019	-0.047,-0.031	-0.038,-0.042	-0.027,-0.049	-0.015,-0.055	-0.002,-0.057	0.012,-0.055	0.024,-0.051	0.036,-0.044	0.045,-0.034	0.052,-0.023	0.056,-0.010	0.056,0.004	0.054,0.017	0.048,0.029	0.040,0.040	0.030,0.048	0.017,0.054	0.004,0.056	-0.009,0.056	-0.022,0.052	-0.034,0.045	-0.044,0.036	0.000,0.000	
-0.037,0.025	-0.042,0.016	-0.044,0.006	-0.044,-0.005	-0.042,-0.015	-0.037,-0.025	-0.030,-0.033	-0.022,-0.039	-0.012,-0.043	-0.001,-0.045	0.009,-0.044	0.019,-0.040	0.028,-0.035	0.036,-0.027	0.041,-0.018	0.044,-0.008	0.044,0.003	0.043,0.013	0.038,0.023	0.032,0.031	0.023,0.038	0.014,0.042	0.003,0.044	-0.007,0.044	-0.017,0.041	-0.027,0.036	-0.034,0.028	0.000,0.000	
-0.029,0.020	-0.033,0.013	-0.035,0.004	-0.035,-0.004	-0.033,-0.012	-0.029,-0.019	-0.024,-0.026	-0.017,-0.031	-0.009,-0.034	-0.001,-0.035	0.007,-0.034	0.015,-0.032	0.022,-0.027	0.028,-0.021	0.032,-0.014	0.035,-0.006	0.035,0.002	0.034,0.011	0.030,0.018	0.025,0.025	0.018,0.030	0.011,0.033	0.003,0.035	-0.006,0.035	-0.014,0.032	-0.021,0.028	-0.027,0.022	0.000,0.000	
-0.023,0.016	-0.026,0.010	-0.027,0.004	-0.028,-0.003	-0.026,-0.009	-0.023,-0.015	-0.019,-0.020	-0.013,-0.024	-0.007,-0.027	-0.001,-0.028	0.006,-0.027	0.012,-0.025	0.018,-0.021	0.022,-0.017	0.025,-0.011	0.027,-0.005	0.028,0.002	0.026,0.008	0.024,0.014	0.020,0.020	0.014,0.024	0.008,0.026	0.002,0.028	-0.005,0.027	-0.011,0.025	-0.017,0.022	-0.021,0.018	0.000,0.000	
-0.018,0.012	-0.020,0.008	-0.022,0.003	-0.022,-0.002	-0.020,-0.007	-0.018,-0.012	-0.015,-0.016	-0.011,-0.019	-0.006,-0.021	-0.001,-0.022	0.005,-0.021	0.009,-0.020	0.014,-0.017	0.017,-0.013	0.020,-0.009	0.021,-0.004	0.022,0.001	0.021,0.007	0.019,0.011	0.015,0.015	0.011,0.019	0.007,0.021	0.002,0.022	-0.004,0.022	-0.009,0.020	-0.013,0.017	-0.017,0.014	0.000,0.000	
0.000,0.000	0.000,0.000	0.000,0.000	0.000,0.000	0.000,0.000	0.000,0.000	0.000,0.000	0.000,0.000	0.000,0.000	0.000,0.000	0.000,0.000	0.000,0.000	0.000,0.000	0.000,0.000	0.000,0.000	0.000,0.000	0.000,0.000	0.000,0.000	0.000,0.000	0.000,0.000	0.000,0.000	0.000,0.000	0.000,0.000	0.000,0.000	0.000,0.000	0.000,0.000	0.000,0.000	0.000,0.000	


-0.225,0.428	-0.319,0.363	-0.396,0.277	-0.450,0.176	-0.479,0.065	-0.481,-0.050	-0.455,-0.162	-0.404,-0.265	-0.330,-0.353	-0.237,-0.421	-0.131,-0.465	-0.018,-0.483	0.097,-0.474	0.206,-0.437	0.303,-0.376	0.384,-0.294	0.442,-0.195	0.476,-0.085	0.482,0.029	0.462,0.142	0.415,0.247	0.345,0.338	0.255,0.410	0.151,0.459	0.039,0.482	-0.076,0.477	-0.187,0.446	0.000,0.000	
-0.177,0.337	-0.252,0.286	-0.312,0.218	-0.355,0.139	-0.377,0.051	-0.379,-0.040	-0.359,-0.128	-0.318,-0.209	-0.260,-0.278	-0.187,-0.332	-0.103,-0.367	-0.014,-0.381	0.076,-0.373	0.162,-0.345	0.239,-0.297	0.302,-0.232	0.348,-0.154	0.375,-0.067	0.380,0.023	0.364,0.112	0.327,0.195	0.272,0.267	0.201,0.323	0.119,0.362	0.030,0.380	-0.060,0.376	-0.147,0.351	0.000,0.000	
-0.139,0.266	-0.198,0.225	-0.246,0.172	-0.279,0.109	-0.297,0.040	-0.298,-0.031	-0.283,-0.101	-0.251,-0.165	-0.205,-0.219	-0.147,-0.261	-0.081,-0.289	-0.011,-0.300	0.060,-0.294	0.128,-0.272	0.188,-0.234	0.238,-0.183	0.274,-0.121	0.295,-0.053	0.300,0.018	0.287,0.088	0.258,0.154	0.214,0.210	0.159,0.255	0.094,0.285	0.024,0.299	-0.047,0.296	-0.116,0.277	0.000,0.000	
-0.110,0.209	-0.156,0.178	-0.194,0.136	-0.220,0.086	-0.234,0.032	-0.235,-0.025	-0.223,-0.079	-0.198,-0.130	-0.161,-0.173	-0.116,-0.206	-0.064,-0.228	-0.009,-0.236	0.047,-0.232	0.101,-0.214	0.148,-0.184	0.188,-0.144	0.216,-0.096	0.233,-0.042	0.236,0.014	0.226,0.070	0.203,0.121	0.169,0.166	0.125,0.201	0.074,0.225	0.019,0.236	-0.037,0.233	-0.091,0.218	0.000,0.000	
-0.087,0.165	-0.123,0.140	-0.153,0.107	-0.174,0.068	-0.185,0.025	-0.185,-0.019	-0.175,-0.063	-0.156,-0.102	-0.127,-0.136	-0.091,-0.162	-0.051,-0.179	-0.007,-0.186	0.037,-0.183	0.079,-0.169	0.117,-0.145	0.148,-0.113	0.170,-0.075	0.183,-0.033	0.186,0.011	0.178,0.055	0.160,0.095	0.133,0.130	0.098,0.158	0.058,0.177	0.015,0.186	-0.029,0.184	-0.072,0.172	0.000,0.000	
-0.068,0.130	-0.097,0.110	-0.120,0.084	-0.137,0.053	-0.145,0.020	-0.146,-0.015	-0.138,-0.049	-0.123,-0.081	-0.100,-0.107	-0.072,-0.128	-0.040,-0.141	-0.005,-0.147	0.029,-0.144	0.063,-0.133	0.092,-0.114	0.116,-0.089	0.134,-0.059	0.144,-0.026	0.147,0.009	0.140,0.043	0.126,0.075	0.105,0.103	0.078,0.125	0.046,0.139	0.012,0.146	-0.023,0.145	-0.057,0.135	0.000,0.000	
-0.054,0.102	-0.076,0.087	-0.095,0.066	-0.108,0.042	-0.115,0.015	-0.115,-0.012	-0.109,-0.039	-0.097,-0.063	-0.079,-0.085	-0.057,-0.101	-0.031,-0.111	-0.004,-0.116	0.023,-0.113	0.049,-0.105	0.073,-0.090	0.092,-0.070	0.106,-0.047	0.114,-0.020	0.115,0.007	0.111,0.034	0.099,0.059	0.083,0.081	0.061,0.098	0.036,0.110	0.009,0.115	-0.018,0.114	-0.045,0.107	0.000,0.000	
-0.042,0.081	-0.060,0.068	-0.075,0.052	-0.085,0.033	-0.090,0.012	-0.091,-0.009	-0.086,-0.031	-0.076,-0.050	-0.062,-0.067	-0.045,-0.079	-0.025,-0.088	-0.003,-0.091	0.018,-0.089	0.039,-0.082	0.057,-0.071	0.072,-0.055	0.083,-0.037	0.090,-0.016	0.091,0.006	0.087,0.027	0.078,0.047	0.065,0.064	0.048,0.077	0.029,0.087	0.007,0.091	-0.014,0.090	-0.035,0.084	0.000,0.000	
-0.033,0.064	-0.047,0.054	-0.059,0.041	-0.067,0.026	-0.071,0.010	-0.071,-0.007	-0.068,-0.024	-0.060,-0.039	-0.049,-0.052	-0.035,-0.063	-0.020,-0.069	-0.003,-0.072	0.014,-0.070	0.031,-0.065	0.045,-0.056	0.057,-0.044	0.066,-0.029	0.071,-0.013	0.072,0.004	0.069,0.021	0.062,0.037	0.051,0.050	0.038,0.061	0.022,0.068	0.006,0.072	-0.011,0.071	-0.028,0.066	0.000,0.000	
-0.026,0.050	-0.037,0.042	-0.046,0.032	-0.053,0.021	-0.056,0.008	-0.056,-0.006	-0.053,-0.019	-0.047,-0.031	-0.039,-0.041	-0.028,-0.049	-0.015,-0.054	-0.002,-0.057	0.011,-0.055	0.024,-0.051	0.036,-0.044	0.045,-0.034	0.052,-0.023	0.056,-0.010	0.056,0.003	0.054,0.017	0.049,0.029	0.040,0.040	0.030,0.048	0.018,0.054	0.005,0.056	-0.009,0.056	-0.022,0.052	0.000,0.000	
-0.021,0.039	-0.029,0.033	-0.037,0.026	-0.042,0.016	-0.044,0.006	-0.044,-0.005	-0.042,-0.015	-0.037,-0.024	-0.030,-0.033	-0.022,-0.039	-0.012,-0.043	-0.002,-0.045	0.009,-0.044	0.019,-0.040	0.028,-0.035	0.035,-0.027	0.041,-0.018	0.044,-0.008	0.045,0.003	0.043,0.013	0.038,0.023	0.032,0.031	0.024,0.038	0.014,0.042	0.004,0.044	-0.007,0.044	-0.017,0.041	0.000,0.000	
-0.016,0.031	-0.023,0.026	-0.029,0.020	-0.033,0.013	-0.035,0.005	-0.035,-0.004	-0.033,-0.012	-0.029,-0.019	-0.024,-0.026	-0.017,-0.031	-0.010,-0.034	-0.001,-0.035	0.007,-0.034	0.015,-0.032	0.022,-0.027	0.028,-0.021	0.032,-0.014	0.035,-0.006	0.035,0.002	0.034,0.010	0.030,0.018	0.025,0.025	0.019,0.030	0.011,0.033	0.003,0.035	-0.006,0.035	-0.014,0.032	0.000,0.000	
-0.013,0.025	-0.018,0.021	-0.023,0.016	-0.026,0.010	-0.027,0.004	-0.028,-0.003	-0.026,-0.009	-0.023,-0.015	-0.019,-0.020	-0.014,-0.024	-0.008,-0.027	-0.001,-0.028	0.006,-0.027	0.012,-0.025	0.017,-0.022	0.022,-0.017	0.025,-0.011	0.027,-0.005	0.028,0.002	0.026,0.008	0.024,0.014	0.020,0.019	0.015,0.024	0.009,0.026	0.002,0.028	-0.004,0.027	-0.011,0.026	0.000,0.000	
-0.010,0.019	-0.014,0.016	-0.018,0.013	-0.020,0.008	-0.022,0.003	-0.022,-0.002	-0.021,-0.007	-0.018,-0.012	-0.015,-0.016	-0.011,-0.019	-0.006,-0.021	-0.001,-0.022	0.004,-0.021	0.009,-0.020	0.014,-0.017	0.017,-0.013	0.020,-0.009	0.021,-0.004	0.022,0.001	0.021,0.006	0.019,0.011	0.016,0.015	0.012,0.019	0.007,0.021	0.002,0.022	-0.003,0.022	-0.008,0.020	0.000,0.000	
0.000,0.000	0.000,0.000	0.000,0.000	0.000,0.000	0.000,0.000	0.000,0.000	0.000,0.000	0.000,0.000	0.000,0.000	0.000,0.000	0.000,0.000	0.000,0.000	0.000,0.000	0.000,0.000	0.000,0.000	0.000,0.000	0.000,0.000	0.000,0.000	0.000,0.000	0.000,0.000	0.000,0.000	0.000,0.000	0.000,0.000	0.000,0.000	0.000,0.000	0.000,0.000	0.000,0.000	0.000,0.000	


